_Episode  _MeanReward
20  -690.623
40  -612.57965
60  -725.755
80  -695.85474
100  -695.86237
120  -589.14185
140  -595.0696
160  -618.8392
180  -539.7632
200  -558.01636
220  -553.7809
240  -593.47736
260  -563.4242
280  -663.008
300  -558.3312
320  -518.13293
340  -513.78217
360  -471.60605
380  -510.14923
400  -495.15152
420  -487.4897
440  -428.1391
460  -395.30914
480  -54.87171
500  108.3041
520  151.93619
540  11.513054
560  96.86286
580  64.73746
600  140.07155
620  162.18019
640  160.02231
660  184.03964
680  184.89334
700  179.06293
720  183.1146
740  179.3491
760  184.74155
780  189.5189
800  184.79689
820  177.90408
840  183.46555
860  174.76534
880  186.81494
900  187.21877
920  187.30026
940  186.23593
960  176.8679
980  180.2313
1000  188.05539
1020  187.07637
1040  185.86356
1060  186.52982
1080  186.4389
1100  187.66493
1120  185.524
1140  190.70099
1160  187.81285
1180  173.73804
1200  186.18668
1220  190.71327
1240  188.28769
1260  192.91681
1280  186.17197
1300  188.34029
1320  182.74577
1340  187.14703
1360  189.83766
1380  193.15811
1400  190.88766
1420  194.67807
1440  186.50635
1460  192.35385
1480  190.15012
1500  189.2327
1520  187.70718
1540  181.54567
1560  141.7478
1580  103.330345
1600  182.31458
1620  184.34145
1640  51.43626
1660  97.812485
1680  132.58835
1700  130.46924
1720  8.81275
1740  20.381912
1760  47.43452
1780  106.280556
1800  191.22307
1820  186.45502
1840  152.40384
1860  186.32352
1880  184.34096
1900  181.94954
1920  190.76323
1940  188.76576
1960  186.12555
1980  189.70898
2000  190.58572
2020  188.35733
2040  190.25832
2060  192.03735
2080  187.97012
2100  189.48343
2120  187.96901
2140  187.69742
2160  183.17206
2180  42.590572
2200  100.93395
2220  -15.286288
2240  -146.2667
2260  -29.810192
2280  141.94717
2300  94.71649
2320  164.90565
2340  173.51878
2360  99.8418
2380  97.870155
2400  73.69566
2420  28.0599
2440  -88.532524
2460  -49.22693
2480  95.2833
2500  22.18166
2520  -84.236984
2540  89.42367
2560  181.55014
2580  100.57438
2600  180.43991
2620  59.732788
2640  184.08832
2660  181.21178
2680  185.57765
2700  185.21983
2720  183.78702
2740  185.54427
2760  186.746
2780  183.46689
2800  187.51585
2820  181.7869
2840  188.2454
2860  184.15846
2880  187.887
2900  188.22105
2920  193.55814
2940  188.91597
2960  192.42387
2980  194.83969
3000  192.1198
3020  192.41911
3040  195.022
3060  194.15492
3080  193.33487
3100  194.05638
3120  188.70665
3140  191.26224
3160  190.40189
3180  192.5608
3200  191.44466
3220  192.66415
3240  192.06699
3260  191.87605
3280  189.72145
3300  190.30411
3320  191.45694
3340  196.45416
3360  188.85382
3380  194.74734
3400  194.05542
3420  189.00491
3440  191.15779
3460  192.54971
3480  189.55676
3500  194.76431
3520  194.05376
3540  196.39978
3560  189.9876
3580  188.94717
3600  195.6089
3620  193.0847
3640  192.5922
3660  194.01239
3680  190.13211
3700  188.47092
3720  189.19113
3740  192.59604
3760  194.47348
3780  193.02615
3800  189.60204
3820  187.78557
3840  184.66313
3860  192.45238
3880  196.19168
3900  193.5084
3920  190.40483
3940  191.60503
3960  187.99539
3980  185.03491
4000  185.0823
4020  183.01717
4040  184.78157
4060  185.88882
4080  191.00323
4100  186.34787
4120  189.21335
4140  191.88434
4160  190.89168
4180  188.79236
4200  188.30823
4220  190.99872
4240  188.91736
4260  188.46904
4280  182.2101
4300  183.63138
4320  186.22331
4340  183.43085
4360  187.47249
4380  183.74715
4400  181.04051
4420  181.39339
4440  187.16234
4460  184.30406
4480  184.9051
4500  187.71947
4520  179.5504
4540  181.46286
4560  186.77261
4580  184.69382
4600  187.69768
4620  187.36276
4640  188.5065
4660  188.665
4680  192.15146
4700  194.3037
4720  186.38156
4740  187.65912
4760  190.88904
4780  191.6505
4800  190.60867
4820  193.02463
4840  191.91074
4860  189.50873
4880  192.13039
4900  192.9207
4920  193.67136
4940  191.83527
4960  190.22809
4980  193.15839
5000  187.54482
5020  193.09637
5040  189.25244
5060  187.78362
5080  192.67136
5100  189.66374
5120  194.76642
5140  193.53891
5160  190.80647
5180  193.32135
5200  192.4469
5220  192.41086
5240  190.20364
5260  189.5654
5280  192.95924
5300  191.29161
5320  192.31831
5340  190.89635
5360  192.34805
5380  188.8333
5400  187.6449
5420  189.5136
5440  184.53201
5460  190.79776
5480  188.02136
5500  184.27695
5520  185.99515
5540  188.70517
5560  186.99968
5580  183.94804
5600  185.2916
5620  181.27826
5640  184.02318
5660  186.66576
5680  187.20943
5700  183.4124
5720  185.46404
5740  180.23117
5760  169.5335
5780  175.55472
5800  173.63405
5820  175.30624
5840  160.33469
5860  166.22417
5880  168.33638
5900  172.34627
5920  170.11284
5940  173.15446
5960  174.39078
5980  173.10815
6000  175.2479
6020  176.06004
6040  172.6698
6060  183.66122
6080  178.22643
6100  175.70593
6120  182.95699
6140  180.18741
6160  183.77548
6180  185.59265
6200  187.11176
6220  183.08467
6240  186.77011
6260  186.54031
6280  188.96147
6300  187.05942
6320  187.73404
6340  189.81854
6360  186.25662
6380  185.66487
6400  188.90152
6420  187.87564
6440  183.62112
6460  186.64577
6480  190.13791
6500  188.0557
6520  186.7264
6540  189.59662
6560  191.3906
6580  189.47809
6600  185.2628
6620  191.89685
6640  189.85529
6660  190.46207
6680  189.10905
6700  187.90576
6720  191.81131
6740  186.55722
6760  188.85355
6780  187.92429
6800  187.62143
6820  189.9701
6840  191.40677
6860  192.84091
6880  186.64206
6900  186.08817
6920  187.98492
6940  190.02861
6960  189.01767
6980  192.47939
7000  188.37541
7020  188.32996
7040  189.09915
7060  186.2125
7080  185.63193
7100  190.24783
7120  187.57353
7140  186.02377
7160  187.16855
7180  186.19188
7200  190.36102
7220  186.18521
7240  187.77385
7260  190.74365
7280  188.94061
7300  187.80417
7320  190.88719
7340  191.26797
7360  190.38048
7380  191.00821
7400  189.36462
7420  189.2481
7440  189.1974
7460  186.51367
7480  189.05516
7500  190.47295
7520  192.00916
7540  191.5795
7560  188.0532
7580  191.35764
7600  189.81111
7620  186.58507
7640  185.75394
7660  191.55405
7680  189.28207
7700  186.96889
7720  185.84987
7740  189.32079
7760  185.41444
7780  185.94443
7800  187.50862
7820  187.99747
7840  187.1176
7860  182.75339
7880  187.65773
7900  183.19144
7920  188.47417
7940  187.97554
7960  185.38489
7980  190.46504
8000  190.59416
8020  191.10191
8040  188.13994
8060  189.76874
8080  189.72427
8100  185.71216
8120  188.7203
8140  184.44601
8160  188.47746
8180  189.15422
8200  187.92593
8220  187.24998
8240  190.19243
8260  187.03828
8280  172.59908
8300  170.68259
8320  171.68613
8340  170.5419
8360  174.99176
8380  174.76971
8400  174.96829
8420  178.12721
8440  184.61018
8460  175.93747
8480  185.14676
8500  181.71997
8520  185.9787
8540  183.06967
8560  183.82315
8580  184.41264
8600  186.57677
8620  180.29878
8640  174.85492
8660  178.73099
8680  174.75879
8700  174.80028
8720  174.80551
8740  182.70203
8760  182.64627
8780  178.80759
8800  179.1503
8820  182.89566
8840  177.80157
8860  186.43274
8880  184.15968
8900  182.5503
8920  181.5905
8940  185.82173
8960  188.06528
8980  183.18137
9000  189.83682
9020  181.60977
9040  183.55347
9060  -197.43832
9080  5.0642023
9100  154.2285
9120  132.43533
9140  103.038
9160  148.20772
9180  180.3709
9200  184.29558
9220  91.48243
9240  181.16617
9260  179.43495
9280  183.62448
9300  177.27261
9320  184.99316
9340  183.5112
9360  181.30637
9380  185.87141
9400  183.07896
9420  185.36792
9440  183.83218
9460  181.83267
9480  185.21698
9500  183.10428
9520  113.96639
9540  187.01631
9560  177.57285
9580  182.4682
9600  183.69823
9620  181.25256
9640  176.76505
9660  176.5326
9680  134.32446
9700  191.44075
9720  192.47488
9740  138.84566
9760  92.50497
9780  189.1508
9800  102.2068
9820  135.99202
9840  -47.316925
9860  101.68737
9880  -46.60837
9900  186.98314
9920  63.599598
9940  125.329
9960  166.40543
9980  169.11523
10000  124.91117
10020  171.40256
10040  175.8654
10060  178.87039
10080  182.50754
10100  181.74026
10120  184.01285
10140  183.60748
10160  141.50908
10180  182.87961
10200  44.517742
10220  -40.5975
10240  37.078327
10260  30.930761
10280  4.0831423
10300  179.51909
10320  60.010742
10340  84.77111
10360  47.058334
10380  183.72095
10400  94.81679
10420  101.592995
10440  150.6564
10460  102.16762
10480  92.74743
10500  145.86446
10520  138.12381
10540  187.02383
10560  188.90622
10580  184.62065
10600  182.70921
10620  187.01431
10640  189.54956
10660  185.43912
10680  188.44418
10700  86.85958
10720  187.875
10740  188.81276
10760  175.85818
10780  167.11972
10800  172.73065
10820  144.78612
10840  139.71313
10860  147.86823
10880  174.67754
10900  -0.47227478
10920  180.90463
10940  179.16321
10960  187.289
10980  185.0584
11000  181.85498
11020  173.16597
11040  174.38504
11060  170.51456
11080  178.10828
11100  176.6295
11120  182.75873
11140  185.12341
11160  185.53072
11180  185.08466
11200  181.87787
11220  183.26195
11240  176.35277
11260  180.92976
11280  183.46564
11300  184.71689
11320  179.74406
11340  182.50662
11360  184.22545
11380  184.89313
11400  185.16745
11420  140.16167
11440  182.5201
11460  185.34325
11480  125.20687
11500  24.601654
11520  185.99411
11540  186.84917
11560  146.54312
11580  39.52398
11600  -27.235376
11620  27.766605
11640  93.571335
11660  85.887794
11680  188.79124
11700  -230.225
11720  -205.78677
11740  -487.2317
11760  -20.523586
11780  -41.57214
11800  -34.055157
11820  -113.16138
11840  -40.642036
11860  -163.38704
11880  -126.94584
11900  -72.38597
11920  -109.75285
11940  -158.83984
11960  -166.65018
11980  139.37509
12000  44.431767
12020  153.5234
12040  182.4783
12060  128.7019
12080  131.09277
12100  161.58173
12120  162.77544
12140  192.11533
12160  194.8984
12180  190.66328
12200  189.88991
12220  194.6859
12240  187.92276
12260  193.9753
12280  191.65125
12300  192.40799
12320  192.11884
12340  192.89114
12360  191.1534
12380  193.14902
12400  190.81308
12420  192.39505
12440  190.58334
12460  190.32368
12480  195.539
12500  192.35123
12520  190.84927
12540  198.78978
12560  193.5134
12580  191.42929
12600  187.5085
12620  193.99069
12640  194.33986
12660  194.73486
12680  190.24876
12700  191.496
12720  194.69357
12740  198.55133
12760  192.09827
12780  190.8099
12800  193.75626
12820  191.91391
12840  186.86166
12860  189.92021
12880  185.03067
12900  183.59984
12920  192.46678
12940  191.09128
12960  191.49277
12980  187.91304
13000  189.31352
13020  187.35542
13040  191.34537
13060  193.82266
13080  192.99382
13100  191.92557
13120  191.23328
13140  189.92107
13160  187.83151
13180  194.0133
13200  190.59636
13220  194.06216
13240  196.12474
13260  188.15189
13280  192.73837
13300  191.83182
13320  188.45193
13340  190.79567
13360  192.29436
13380  192.5611
13400  193.36446
13420  193.049
13440  189.64134
13460  193.58365
13480  187.00174
13500  190.78467
13520  190.9683
13540  192.2504
13560  191.85643
13580  193.66757
13600  191.38506
13620  192.712
13640  193.63147
13660  191.27173
13680  188.32541
13700  188.25636
13720  189.18031
13740  193.04758
13760  102.64175
13780  187.2974
13800  139.49931
13820  80.40397
13840  7.8635178
13860  -160.84189
13880  -149.88776
13900  27.029348
13920  -68.34207
13940  183.5364
13960  184.15929
13980  185.30824
14000  183.35039
14020  129.18954
14040  185.93996
14060  186.16139
14080  185.2744
14100  52.26181
14120  36.838642
14140  -144.96526
14160  -59.342236
14180  133.60072
14200  181.07765
14220  84.03207
14240  183.77193
14260  184.21526
14280  187.55444
14300  185.87343
14320  187.61563
14340  190.73909
14360  192.02542
14380  194.57825
14400  192.45439
14420  47.417957
14440  41.861977
14460  15.382654
14480  79.88891
14500  139.62708
14520  -365.2584
14540  -325.4698
14560  -312.82806
14580  -135.11252
14600  -105.95418
14620  -371.23517
14640  -78.37766
14660  -53.05487
14680  -291.95203
14700  -189.69916
14720  -18.97289
14740  -41.318146
14760  107.52688
14780  177.93045
14800  179.6136
14820  181.92648
14840  82.4875
14860  -67.118835
14880  83.11439
14900  127.13834
14920  126.242065
14940  175.48601
14960  178.0412
14980  174.60446
15000  176.48071
15020  175.10931
15040  172.3853
15060  173.93887
15080  134.41782
15100  179.89458
15120  177.03717
15140  181.51341
15160  123.857254
15180  190.26591
15200  189.91406
15220  133.71036
15240  135.0015
15260  192.06528
15280  192.7943
15300  192.39026
15320  192.77475
15340  194.32494
15360  192.83281
15380  192.29367
15400  195.05513
15420  192.38974
15440  191.25644
15460  191.04301
15480  195.35857
15500  192.00414
15520  196.0907
15540  192.06198
15560  189.62021
15580  191.73244
15600  194.01396
15620  193.64487
15640  190.15842
15660  192.22902
15680  193.19832
15700  191.99525
15720  195.29922
15740  193.52939
15760  191.94394
15780  192.35504
15800  192.2664
15820  192.90662
15840  195.08878
15860  196.3447
15880  192.78465
15900  190.1583
15920  188.45424
15940  190.05008
15960  189.97943
15980  195.244