_Episode  _MeanReward
20  -114.096
40  -124.899
60  -121.276
80  -118.419
100  -120.409
120  -127.3
140  -122.786
160  -124.164
180  -120.206
200  -117.866
220  -108.82
240  -98.1801
260  -95.875
280  -101.166
300  -97.7489
320  -93.4423
340  -89.747
360  -90.3407
380  -86.5842
400  -80.3121
420  -74.5193
440  -66.3789
460  -54.0101
480  -47.6286
500  -34.2964
520  -25.0645
540  -8.32582
560  7.80902
580  15.9494
600  40.4019
620  48.4533
640  44.7243
660  57.2638
680  67.2339
700  82.4292
720  52.5669
740  92.762
760  93.0606
780  69.71
800  106.002
820  91.0596
840  110.184
860  118.505
880  88.5884
900  119.477
920  127.456
940  125.878
960  142.86
980  122.819
1000  142.804
1020  155.541
1040  149.751
1060  149.318
1080  162.247
1100  130.338
1120  140.44
1140  162.69
1160  151.243
1180  119.729
1200  137.911
1220  164.806
1240  152.97
1260  163.094
1280  138.597
1300  182.979
1320  162.863
1340  178.852
1360  158.334
1380  155.164
1400  161.365
1420  184.999
1440  194.66
1460  168.73
1480  193.014
1500  126.384
1520  193.303
1540  156.354
1560  166.062
1580  157.233
1600  216.35
1620  186.304
1640  197.722
1660  159.812
1680  202.084
1700  224.059
1720  232.401
1740  178.106
1760  194.819
1780  154.431
1800  166.669
1820  195.719
1840  157.066
1860  233.498
1880  226.75
1900  219.658
1920  221.67
1940  202.839
1960  235.029
1980  208.104
2000  210.182
2020  240.698
2040  225.36
2060  215.058
2080  205.197
2100  230.333
2120  255.358
2140  243.204
2160  153.982
2180  229.491
2200  198.665
2220  226.591
2240  230.836
2260  254.106
2280  245.326
2300  252.613
2320  226.484
2340  220.11
2360  263.528
2380  263.543
2400  248.189
2420  249.748
2440  265.788
2460  258.447
2480  238.342
2500  257.268
2520  260.11
2540  268.666
2560  250.895
2580  268.764
2600  235.506
2620  240.283
2640  241.324
2660  271.411
2680  270.818
2700  246.566
2720  254.334
2740  224.937
2760  271.747
2780  273.341
2800  224.902
2820  255.023
2840  258.373
2860  273.968
2880  273.286
2900  272.801
2920  273.146
2940  267.229
2960  257.863
2980  245.825
3000  245.534
3020  228.354
3040  273.579
3060  257.49
3080  266.905
3100  275.417
3120  257.674
3140  253.13
3160  278.128
3180  276.74
3200  277.723
3220  278.495
3240  248.721
3260  262.545
3280  254.485
3300  264.726
3320  261.555
3340  261.978
3360  236.102
3380  257.722
3400  271.947
3420  265.545
3440  250.648
3460  253.422
3480  273.219
3500  262.129
3520  263.299
3540  273.478
3560  267.853
3580  262.87
3600  262.625
3620  267.307
3640  280.546
3660  280.254
3680  264.233
3700  253.895
3720  268.406
3740  268.338
3760  273.852
3780  281.439
3800  267.783
3820  281.016
3840  264.392
3860  253.119
3880  267.486
3900  230.69
3920  282.613
3940  255.469
3960  261.264
3980  239.128
4000  265.079
4020  283.113
4040  282.762
4060  283.599
4080  267.278
4100  273.78
4120  250.681
4140  259.06
4160  284.647
4180  278.51
4200  268.822
4220  253.12
4240  285.277
4260  211.424
4280  271.372
4300  257.174
4320  236.326
4340  249.848
4360  255.73
4380  260.352
4400  240.149
4420  269.328
4440  244.036
4460  266.553
4480  259.129
4500  268.547
4520  258.69
4540  243.286
4560  255.252
4580  271.165
4600  274.122
4620  285.519
4640  269.523
4660  286.107
4680  249.42
4700  239.604
4720  260.134
4740  286.787
4760  270.915
4780  257.726
4800  276.305
4820  277.226
4840  268.824
4860  256.758
4880  272.473
4900  261.979
4920  257.746
4940  272.385
4960  270.322
4980  261.852
5000  263.616
5020  275.577
5040  246.27
5060  288.447
5080  281.967
5100  258.357
5120  288.064
5140  269.279
5160  273.982
5180  258.34
5200  268.382
5220  288.116
5240  288.069
5260  273.436
5280  264.673
5300  264.599
5320  289.095
5340  289.274
5360  288.652
5380  270.985
5400  266.667
5420  289.327
5440  270.469
5460  280.961
5480  282.949
5500  289.947
5520  278.557
5540  265.429
5560  273.908
5580  289.969
5600  290.248
5620  291.196
5640  284.429
5660  263.14
5680  249.269
5700  278.351
5720  269.833
5740  271.698
5760  281.771
5780  255.192
5800  291.63
5820  248.285
5840  273.843
5860  252.657
5880  292.456
5900  283.223
5920  292.412
5940  196.016
5960  199.077
5980  250.792
6000  241.252
6020  186.755
6040  232.044
6060  170.851
6080  220.413
6100  198.257
6120  242.415
6140  229.386
6160  252.469
6180  189.778
6200  227.841
6220  220.607
6240  207.894
6260  237.714
6280  225.095
6300  246.072
6320  163.624
6340  232.893
6360  197.603
6380  203.232
6400  281.184
6420  219.516
6440  212.458
6460  244.538
6480  177.756
6500  243.234
6520  235.79
6540  223.929
6560  237.134
6580  214.717
6600  205.581
6620  203.929
6640  155.0
6660  247.881
6680  251.485
6700  264.947
6720  188.925
6740  175.424
6760  201.552
6780  215.58
6800  250.845
6820  209.741
6840  235.891
6860  234.588
6880  269.178
6900  236.058
6920  209.983
6940  227.687
6960  200.198
6980  257.489
7000  231.388
7020  245.754
7040  202.484
7060  232.084
7080  271.479
7100  252.697
7120  233.336
7140  242.59
7160  167.014
7180  177.406
7200  196.759
7220  239.309
7240  211.144
7260  250.144
7280  221.644
7300  237.208
7320  231.563
7340  243.755
7360  235.536
7380  211.201
7400  211.951
7420  222.943
7440  206.246
7460  254.171
7480  242.052
7500  217.57
7520  214.121
7540  218.635
7560  250.809
7580  196.858
7600  165.476
7620  210.416
7640  205.946
7660  259.744
7680  227.941
7700  186.648
7720  156.2
7740  204.105
7760  227.922
7780  203.837
7800  187.119
7820  212.37
7840  211.791
7860  245.557
7880  239.132
7900  224.099
7920  231.861
7940  233.354
7960  238.942
7980  258.178
8000  254.497
8020  245.142
8040  236.382
8060  238.534
8080  236.666
8100  197.257
8120  226.194
8140  263.548
8160  173.716
8180  255.005
8200  235.955
8220  216.467
8240  281.72
8260  170.759
8280  200.854
8300  239.483
8320  262.105
8340  246.682
8360  233.333
8380  254.172
8400  235.213
8420  212.515
8440  207.0
8460  232.932
8480  230.77
8500  220.561
8520  225.41
8540  192.648
8560  228.586
8580  193.443
8600  244.69
8620  271.847
8640  240.25
8660  249.055
8680  253.451
8700  184.756
8720  204.581
8740  204.525
8760  274.33
8780  213.345
8800  202.01
8820  222.59
8840  189.802
8860  182.341
8880  251.887
8900  225.094
8920  242.869
8940  190.981
8960  185.321
8980  224.985
9000  203.457
9020  152.874
9040  236.915
9060  178.503
9080  197.583
9100  179.048
9120  239.654
9140  236.961
9160  154.699
9180  223.457
9200  206.181
9220  214.427
9240  191.824
9260  160.713
9280  211.139
9300  224.757
9320  175.638
9340  173.692
9360  210.521
9380  203.346
9400  174.857
9420  216.177
9440  200.466
9460  144.4
9480  191.558
9500  205.574
9520  172.42
9540  213.073
9560  199.808
9580  223.636
9600  189.398
9620  181.451
9640  166.31
9660  199.376
9680  205.475
9700  184.572
9720  159.755
9740  162.161
9760  195.151
9780  166.202
9800  184.351
9820  202.596
9840  199.635
9860  197.074
9880  202.247
9900  127.627
9920  201.911
9940  221.287
9960  218.721
9980  139.818
10000  119.505
10020  153.327
10040  175.555
10060  183.613
10080  171.424
10100  220.921
10120  261.945
10140  162.813
10160  210.636
10180  217.004
10200  224.169
10220  204.87
10240  196.826
10260  126.33
10280  151.582
10300  168.908
10320  148.919
10340  121.43
10360  164.841
10380  175.868
10400  197.716
10420  189.525
10440  155.098
10460  188.895
10480  135.932
10500  107.82
10520  170.385
10540  161.695
10560  147.184
10580  150.113
10600  172.718
10620  146.669
10640  184.462
10660  171.464
10680  155.665
10700  153.214
10720  154.303
10740  228.179
10760  127.018
10780  151.531
10800  124.945
10820  168.366
10840  117.224
10860  164.172
10880  141.372
10900  190.549
10920  153.669
10940  133.292
10960  169.941
10980  206.258
11000  71.9376
11020  137.158
11040  183.478
11060  157.409
11080  136.713
11100  116.672
11120  162.36
11140  154.363
11160  140.11
11180  103.854
11200  161.678
11220  227.552
11240  162.135
11260  83.91
11280  182.352
11300  100.7
11320  132.523
11340  150.303
11360  155.94
11380  200.01
11400  171.328
11420  136.802
11440  190.985
11460  141.907
11480  149.022
11500  140.451
11520  149.519
11540  102.205
11560  163.618
11580  185.203
11600  193.138
11620  111.777
11640  141.63
11660  183.518
11680  180.936
11700  122.188
11720  92.481
11740  155.028
11760  109.095
11780  39.7049
11800  124.643
11820  160.444
11840  178.679
11860  112.319
11880  125.838
11900  118.616
11920  100.161
11940  116.599
11960  134.899
11980  56.0288
12000  156.721
12020  94.2641
12040  111.728
12060  114.999
12080  132.078
12100  103.373
12120  84.1326
12140  58.1862
12160  207.244
12180  109.194
12200  130.361
12220  117.708
12240  143.046
12260  61.2314
12280  117.079
12300  132.884
12320  69.0916
12340  159.56
12360  148.044
12380  140.322
12400  104.106
12420  109.195
12440  152.29
12460  166.291
12480  104.679
12500  131.162
12520  80.0828
12540  115.887
12560  122.761
12580  130.678
12600  93.493
12620  98.1622
12640  81.7203
12660  126.218
12680  80.3756
12700  70.9456
12720  124.517
12740  103.505
12760  112.016
12780  83.0922
12800  101.176
12820  84.849
12840  91.846
12860  130.729
12880  80.3241
12900  79.8412
12920  90.6379
12940  74.2398
12960  124.81
12980  109.782
13000  102.439
13020  14.6764
13040  32.5529
13060  51.319
13080  98.0365
13100  98.5657
13120  95.4085
13140  76.5901
13160  126.621
13180  76.7154
13200  62.8317
13220  47.2022
13240  87.0645
13260  88.0453
13280  42.0856
13300  57.5057
13320  59.4192
13340  70.2504
13360  76.5349
13380  52.0523
13400  54.1034
13420  55.1595
13440  32.9926
13460  77.5868
13480  49.8866
13500  37.6552
13520  96.9221
13540  0.701017
13560  62.2162
13580  91.7592
13600  55.0913
13620  47.3278
13640  97.4526
13660  40.1838
13680  53.3704
13700  99.1115
13720  84.4589
13740  59.5309
13760  26.9456
13780  29.2803
13800  76.4181
13820  72.9665
13840  58.1882
13860  34.1047
13880  34.3252
13900  74.4706
13920  39.0642
13940  29.2376
13960  83.5334
13980  47.1669
14000  35.5916
14020  58.0245
14040  67.6981
14060  67.0561
14080  46.1828
14100  41.9817
14120  37.0852
14140  81.0865
14160  62.0984
14180  40.2075
14200  17.1367
14220  6.55148
14240  40.9888
14260  32.344
14280  11.683
14300  47.5114
14320  7.88344
14340  19.3145
14360  14.3665
14380  87.8215
14400  23.5783
14420  62.2428
14440  7.11994
14460  10.5867
14480  31.2733
14500  -10.6023
14520  50.1937
14540  15.5379
14560  27.1883
14580  16.0411
14600  -6.85903
14620  -13.9237
14640  0.582875
14660  15.2787
14680  11.3086
14700  -2.7184
14720  0.487289
14740  -11.3104
14760  25.3762
14780  3.03652
14800  11.1948
14820  34.0721
14840  -19.1106
14860  -21.5998
14880  33.4997
14900  0.702945
14920  -2.76854
14940  20.5342
14960  -4.71527
14980  -13.9061
15000  22.0344
15020  5.99433
15040  2.10637
15060  16.8935
15080  1.66649
15100  7.51292
15120  26.1144
15140  11.5825
15160  -23.4566
15180  -7.65308
15200  6.08433
15220  15.3724
15240  -16.3401
15260  -1.55432
15280  12.0375
15300  -16.1274
15320  3.02336
15340  -3.35689
15360  -1.81122
15380  33.03
15400  10.009
15420  -23.3836
15440  7.7265
15460  -10.9664
15480  -27.7176
15500  14.9074
15520  -18.2373
15540  22.0281
15560  32.3005
15580  13.4984
15600  -15.783
15620  -8.77785
15640  -9.16598
15660  17.6221
15680  -25.4174
15700  -7.03233
15720  -17.2302
15740  13.0548
15760  -12.41
15780  -24.9514
15800  -10.3395
15820  -22.3076
15840  -9.35159
15860  1.49098
15880  11.9553
15900  -40.6006
15920  -13.2707
15940  -10.8535
15960  -20.9323
15980  -0.0799313
16000  -18.2967
16020  -11.6688
16040  16.9722
16060  -33.0426
16080  -25.6402
16100  -31.6763
16120  -25.5271
16140  -15.2816
16160  50.0691
16180  -0.626006
16200  -14.3218
16220  -15.7073
16240  -24.4212
16260  -36.596
16280  -23.3947
16300  -49.5606
16320  -24.8367
16340  -15.0464
16360  -21.1875
16380  12.6194
16400  -39.7143
16420  -34.6711
16440  -25.2102
16460  -44.6616
16480  -26.7202
16500  42.0082
16520  -19.295
16540  -2.87879
16560  -12.6227
16580  -3.52759
16600  -6.27763
16620  -40.5578
16640  -18.1716
16660  -5.22235
16680  15.3394
16700  -12.0421
16720  -6.61403
16740  -20.9943
16760  -7.78876
16780  -14.618
16800  -15.8039
16820  -48.1854
16840  -40.237
16860  -44.9631
16880  -6.48155
16900  -31.8636
16920  -28.131
16940  -8.38448
16960  -36.5622
16980  -21.5167
17000  -36.732
17020  -37.2337
17040  -39.3841
17060  -22.3701
17080  -31.1741
17100  -39.9847
17120  -41.441
17140  -31.2795
17160  -26.8424
17180  -21.2972
17200  -50.0976
17220  -44.1916
17240  -24.1836
17260  -22.6412
17280  -30.552
17300  -13.6843
17320  -19.2679
17340  -37.285
17360  -41.5213
17380  -9.68418
17400  -40.2835
17420  -22.4178
17440  -13.3454
17460  -42.381
17480  -25.449
17500  -21.2407
17520  -16.6549
17540  -28.5677
17560  -27.3421
17580  -22.1337
17600  -40.8176
17620  -54.9719
17640  -41.8983
17660  -20.1787
17680  -31.3367
17700  -22.4994
17720  -21.1947
17740  0.562971
17760  -31.7348
17780  -33.3915
17800  -30.0322
17820  -5.66984
17840  -6.5979
17860  -46.1536
17880  -61.1925
17900  -42.9117
17920  -44.5066
17940  -42.9524
17960  -36.0891
17980  -1.24232
18000  -34.6056
18020  -46.1008
18040  -35.9506
18060  -32.3049
18080  -18.9628
18100  -37.4818
18120  -47.6612
18140  -28.9743
18160  -30.1553
18180  -52.6144
18200  -32.0641
18220  -34.1462
18240  -41.7493
18260  -32.9165
18280  -49.5239
18300  -52.3006
18320  -43.8779
18340  -44.1198
18360  -49.0075
18380  -15.3933
18400  -28.3279
18420  -36.5718
18440  -25.4731
18460  -24.6841
18480  -46.9231
18500  -47.8173
18520  -60.4823
18540  -61.6373
18560  -33.6996
18580  -34.8959
18600  -38.6878
18620  -47.0462
18640  -57.8827
18660  -60.6054
18680  -43.4524
18700  -48.5155
18720  -41.3191
18740  -63.2524
18760  -41.8004
18780  -62.8294
18800  -50.0518
18820  -43.4293
18840  -66.1866
18860  -35.9701
18880  -46.0496
18900  -61.6072
18920  -40.2457
18940  -60.2585
18960  -49.4013
18980  -45.7999
19000  -53.7862
19020  -39.9722
19040  -41.3757
19060  -52.9795
19080  -57.055
19100  -53.0438
19120  -33.1807
19140  -54.513
19160  -58.0518
19180  -67.2139
19200  -50.1898
19220  -55.7483
19240  -55.9449
19260  -56.5179
19280  -42.0732
19300  -67.3746
19320  -51.4332
19340  -54.0677
19360  -40.4208
19380  -41.0134
19400  -37.4201
19420  -50.2409
19440  -56.9489
19460  -61.5816
19480  -64.1584
19500  -57.7625
19520  -47.9907
19540  -53.9549
19560  -36.546
19580  -63.1369
19600  -48.1421
19620  -37.805
19640  -41.4467
19660  -68.369
19680  -61.7541
19700  -61.4808
19720  -57.4317
19740  -57.7936
19760  -62.6786
19780  -54.2969
19800  -69.9158
19820  -53.788
19840  -64.3656
19860  -48.1393
19880  -59.7365
19900  -48.6652
19920  -46.5653
19940  -60.0665
19960  -59.4965
19980  -52.991
20000  -59.2225