_Episode  _MeanReward
5  -137.94514
10  -114.49736
15  -106.759155
20  -114.513916
25  -106.762085
30  -107.77256
35  -116.37773
40  -110.583374
45  -121.55119
50  -125.70903
55  -120.86845
60  -142.18492
65  -137.26889
70  -135.61581
75  -127.69537
80  -135.138
85  -135.01025
90  -134.54584
95  -138.20602
100  -129.61508
105  -122.810425
110  -126.84005
115  -121.54433
120  -118.25413
125  -117.02759
130  -133.83662
135  -117.64939
140  -118.050865
145  -119.84263
150  -123.030174
155  -119.677025
160  -118.93001
165  -112.42316
170  -110.54085
175  -110.88628
180  -113.49336
185  -105.978836
190  -118.10085
195  -122.36678
200  -114.17212
205  -117.29292
210  -103.10838
215  -103.94945
220  -103.20762
225  -96.73197
230  -105.21822
235  -105.32668
240  -102.68577
245  -104.71987
250  -106.86172
255  -101.79755
260  -100.13201
265  -96.25279
270  -123.12307
275  -117.75365
280  -113.0446
285  -106.43893
290  -104.198875
295  -114.68042
300  -107.42446
305  -106.21251
310  -109.27334
315  -108.35033
320  -105.97894
325  -104.88603
330  -120.78064
335  -114.02804
340  -106.989944
345  -106.974365
350  -155.40593
355  -92.685585
360  -102.19905
365  -99.96444
370  -100.29237
375  -95.81469
380  -93.25752
385  -91.71548
390  -99.121056
395  -127.93559
400  -92.18886
405  -107.26079
410  -136.3815
415  -98.267975
420  -96.7167
425  -97.50205
430  -86.67214
435  -84.224594
440  -108.51697
445  -119.67078
450  -93.49346
455  -103.999535
460  -105.90779
465  -103.07784
470  -93.083435
475  -92.3254
480  -107.725746
485  -105.85835
490  -108.29076
495  -106.55896
500  -106.26697
505  -105.18655
510  -105.334755
515  -104.55514
520  -102.19151
525  -106.840355
530  -102.82233
535  -129.79538
540  -105.07023
545  -101.440285
550  -101.82884
555  -117.64111
560  -107.60193
565  -102.33939
570  -102.81732
575  -100.80684
580  -99.3621
585  -99.97655
590  -100.82625
595  -100.18434
600  -101.14602
605  -101.15814
610  -102.87019
615  -100.23775
620  -130.25258
625  -127.17312
630  -124.9767
635  -127.50724
640  -127.7617
645  -127.9839
650  -126.12095
655  -124.79861
660  -127.56596
665  -126.822495
670  -117.95921
675  -127.38545
680  -126.18954
685  -127.395935
690  -123.32732
695  -127.43007
700  -114.28526
705  -122.64143
710  -119.00189
715  -118.012474
720  -127.147705
725  -122.33986
730  -118.12374
735  -123.36043
740  -100.70675
745  -102.53483
750  -106.450035
755  -96.17025
760  -104.80078
765  -110.13953
770  -96.24513
775  -95.019066
780  -97.27105
785  -97.65659
790  -110.74595
795  -98.198166
800  -100.07789
805  -110.21049
810  -105.62312
815  -118.20824
820  -110.42466
825  -95.452736
830  -97.87704
835  -105.54006
840  -111.80139
845  -111.73706
850  -109.56885
855  -111.79623
860  -111.43221
865  -111.73723
870  -114.94956
875  -108.456055
880  -111.792564
885  -111.75502
890  -110.16746
895  -104.526566
900  -110.63989
905  -117.13756
910  -125.83473
915  -123.671585
920  -126.71865
925  -127.30721
930  -127.2242
935  -127.511734
940  -127.46493
945  -127.45117
950  -127.2359
955  -127.45825
960  -127.24254
965  -127.52274
970  -127.582825
975  -127.16508
980  -127.70003
985  -127.48832
990  -127.33911
995  -127.19946
1000  -127.49618
1005  -127.35476
1010  -127.36229
1015  -127.20238
1020  -127.50674
1025  -127.78987
1030  -127.25847
1035  -127.469406
1040  -127.68443
1045  -127.4895
1050  -127.47139
1055  -127.46135
1060  -127.27251
1065  -127.40157
1070  -127.21645
1075  -127.28088
1080  -127.611244
1085  -127.59773
1090  -127.25708
1095  -126.95592
1100  -127.25948
1105  -127.04171
1110  -127.30373
1115  -127.34923
1120  -127.51123
1125  -127.4197
1130  -127.53766
1135  -127.44971
1140  -127.56435
1145  -127.53766
1150  -127.32344
1155  -127.42863
1160  -127.41109
1165  -127.49951
1170  -127.87887
1175  -127.53353
1180  -127.430435
1185  -127.42484
1190  -127.49536
1195  -127.51992
1200  -127.52759
1205  -127.58838
1210  -127.50557
1215  -127.61241
1220  -127.45448
1225  -127.68663
1230  -127.35863
1235  -127.47251
1240  -127.096725
1245  -127.468445
1250  -127.52254
1255  -127.64677
1260  -127.511215
1265  -127.48904
1270  -127.16881
1275  -127.172745
1280  -127.49852
1285  -127.451614
1290  -127.407005
1295  -127.25926
1300  -127.28279
1305  -126.98153
1310  -127.16636
1315  -127.39143
1320  -126.79814
1325  -127.15233
1330  -127.13808
1335  -127.47117
1340  -127.15537
1345  -127.253685
1350  -127.33854
1355  -127.433205
1360  -126.874596
1365  -126.54736
1370  -126.87264
1375  -127.31804
1380  -127.16331
1385  -127.00686
1390  -127.0208
1395  -127.19944
1400  -127.08626
1405  -127.10457
1410  -127.04745
1415  -127.12091
1420  -127.09552
1425  -126.82349
1430  -126.86021
1435  -126.99624
1440  -126.82048
1445  -126.970276
1450  -127.16716
1455  -127.44607
1460  -127.16261
1465  -127.62759
1470  -126.84688
1475  -127.272095
1480  -127.12041
1485  -127.04197
1490  -126.96948
1495  -127.3182
1500  -126.944984
1505  -126.659744
1510  -126.8027
1515  -127.22567
1520  -126.93888
1525  -126.908875
1530  -127.08325
1535  -126.68709
1540  -126.80058
1545  -126.68787
1550  -126.93944
1555  -126.75264
1560  -127.40935
1565  -126.97617
1570  -126.7997
1575  -127.25789
1580  -126.73718
1585  -127.028275
1590  -127.03935
1595  -126.872536
1600  -126.66789
1605  -126.59025
1610  -126.37357
1615  -126.56427
1620  -126.651955
1625  -127.32743
1630  -121.88359
1635  -126.533424
1640  -119.30251
1645  -122.81738
1650  -121.8152
1655  -117.02263
1660  -123.53298
1665  -110.3829
1670  -112.58815
1675  -108.8103
1680  -111.06331
1685  -111.42676
1690  -99.95497
1695  -106.718765
1700  -110.33113
1705  -108.69264
1710  -101.49284
1715  -101.86687
1720  -102.7855
1725  -91.94804
1730  -96.7444
1735  -96.2328
1740  -103.14217
1745  -87.26376
1750  -72.84801
1755  -93.53137
1760  -84.0793
1765  -78.08946
1770  -76.931046
1775  -71.92009
1780  -61.300446
1785  -48.017963
1790  -56.864513
1795  -48.16999
1800  -47.566475
1805  -60.32418
1810  -66.81008
1815  -48.27201
1820  -104.71238
1825  -53.643837
1830  -42.72335
1835  -41.847237
1840  -37.11118
1845  -28.810368
1850  -23.756104
1855  -15.596354
1860  -6.9851494
1865  -5.1406994
1870  1.3191608
1875  -2.5673687
1880  0.76181144
1885  5.6528406
1890  9.962416
1895  23.97697
1900  31.508373
1905  31.339487
1910  18.336454
1915  14.87158
1920  22.678204
1925  21.881544
1930  29.626093
1935  34.01782
1940  30.135351
1945  29.24126
1950  36.8879
1955  35.183556
1960  1.9054043
1965  22.04575
1970  37.060577
1975  40.202045
1980  38.71267
1985  9.381838
1990  41.393856
1995  39.244026
2000  2.3578827
2005  33.95069
2010  36.514854
2015  45.570137
2020  43.536255
2025  46.855732
2030  50.422688
2035  48.160778
2040  3.6326828
2045  0.52653503
2050  42.38433
2055  41.310326
2060  44.13652
2065  21.6831
2070  25.361126
2075  27.393635
2080  -7.8928742
2085  -43.18507
2090  26.919031
2095  18.396328
2100  16.101816
2105  10.946395
2110  -8.945347
2115  16.525415
2120  16.022505
2125  16.792442
2130  21.665024
2135  30.717316
2140  45.38617
2145  8.515638
2150  22.198637
2155  16.041391
2160  12.601409
2165  10.591966
2170  8.288254
2175  12.725496
2180  13.62565
2185  13.494601
2190  17.239658
2195  11.679427
2200  4.663486
2205  -4.4662733
2210  -3.6473813
2215  2.565397
2220  13.141421
2225  15.876623
2230  20.806086
2235  21.84406
2240  12.05573
2245  12.394736
2250  18.405502
2255  21.98345
2260  19.325863
2265  20.832197
2270  11.745349
2275  9.850634
2280  -2.952428
2285  -3.7735152
2290  8.853556
2295  7.0431976
2300  5.7423944
2305  10.794858
2310  12.762419
2315  8.442721
2320  1.0639942
2325  -8.292967
2330  -0.7908087
2335  5.347188
2340  5.9830832
2345  14.405268
2350  10.568651
2355  18.913183
2360  2.6656797
2365  5.027793
2370  6.8893585
2375  10.514611
2380  27.153355
2385  30.277676
2390  27.870403
2395  28.260315
2400  31.493057
2405  18.259708
2410  30.570225
2415  26.956049
2420  14.700406
2425  41.424553
2430  31.327185
2435  6.0040703
2440  2.0379567
2445  4.4396105
2450  -28.144352
2455  10.373226
2460  21.127787
2465  9.741368
2470  44.35069
2475  37.06663
2480  32.201927
2485  11.0003605
2490  32.85228
2495  34.631485
2500  35.5654
2505  45.88901
2510  44.629047
2515  47.493053
2520  46.214664
2525  41.708473
2530  9.948662
2535  -19.159363
2540  29.37118
2545  1.7146775
2550  33.288616
2555  -12.013545
2560  17.118011
2565  44.044216
2570  47.51986
2575  45.464825
2580  22.466179
2585  55.48391
2590  34.94486
2595  64.03347
2600  56.03496
2605  -35.34275
2610  -6.7911787
2615  39.436203
2620  37.135612
2625  36.899147
2630  50.06105
2635  34.74614
2640  33.691223
2645  31.852087
2650  28.182953
2655  -87.916824
2660  -99.096016
2665  -57.59673
2670  -89.256546
2675  4.6521254
2680  -45.724712
2685  -5.4753146
2690  0.84042674
2695  -2.2718387
2700  -0.81280625
2705  2.8454788
2710  -11.234335
2715  -85.29554
2720  -1.4155992
2725  -16.889328
2730  -15.767336
2735  -19.579065
2740  -13.646213
2745  -34.435528
2750  -12.777656
2755  -8.024716
2760  -16.215565
2765  -30.402216
2770  -7.021862
2775  -20.377613
2780  -16.728977
2785  -12.923601
2790  13.456194
2795  17.079685
2800  4.563239
2805  14.496223
2810  23.546984
2815  25.519184
2820  23.143368
2825  10.805774
2830  35.103382
2835  32.597103
2840  23.357542
2845  13.234467
2850  14.958911
2855  12.032095
2860  16.504135
2865  15.048471
2870  19.397062
2875  26.847172
2880  16.817034
2885  12.752235
2890  -23.370825
2895  13.3808975
2900  16.138447
2905  -3.5623965
2910  6.1127396
2915  -2.9905844
2920  -18.658815
2925  -16.786001
2930  -29.22967
2935  -34.396225
2940  -102.021034
2945  -106.435486
2950  -128.78204
2955  -135.21336
2960  -108.617004
2965  -129.07803
2970  -129.82706
2975  -88.35158
2980  -72.018
2985  -53.01588
2990  -54.79598
2995  -49.520332
3000  -46.487736
3005  -73.05885
3010  -93.1577
3015  -83.166176
3020  -50.27659
3025  -30.866821
3030  -31.954306
3035  -13.096324
3040  -32.03651
3045  -22.333542
3050  -18.42551
3055  -17.598532
3060  -8.402457
3065  -4.7767115
3070  29.393536
3075  38.261627
3080  7.6801476
3085  14.909552
3090  24.388391
3095  29.720728
3100  30.904139
3105  33.444057
3110  16.208252
3115  -23.732613
3120  -129.43356
3125  -21.882925
3130  -124.55705
3135  -115.041916
3140  -181.41333
3145  -122.427
3150  -127.95156
3155  -81.12826
3160  -185.15385
3165  -175.24434
3170  -177.91158
3175  -184.78568
3180  -184.47014
3185  -190.21365
3190  -189.17847
3195  -169.22124
3200  -181.53627
3205  -173.55275
3210  -172.68295
3215  -170.1174
3220  -175.18298
3225  -175.97285
3230  -204.85054
3235  -209.21036
3240  -207.05493
3245  -205.92302
3250  -216.21284
3255  -231.18185
3260  -226.70163
3265  -196.59268
3270  -200.61786
3275  -231.25162
3280  -141.8049
3285  -177.54343
3290  -137.89615
3295  -123.314476
3300  -153.67989
3305  -112.19899
3310  -108.42741
3315  -112.102394
3320  -109.76558
3325  -100.37603
3330  -72.98608
3335  -73.4342
3340  -22.042086
3345  -4.631499
3350  1.327565
3355  27.32251
3360  24.588428
3365  8.326848
3370  45.82633
3375  42.01853
3380  19.463068
3385  21.428036
3390  32.94217
3395  9.600346
3400  -22.030819
3405  28.731787
3410  -14.153122
3415  30.046412
3420  15.681717
3425  16.256216
3430  15.691195
3435  27.281006
3440  -51.974648
3445  29.816761
3450  47.00425
3455  -7.0611024
3460  14.845515
3465  30.338367
3470  49.94703
3475  15.060526
3480  -16.660181
3485  18.119267
3490  15.984558
3495  -50.240387
3500  -69.85736
3505  11.485341
3510  16.639141
3515  1.1202862
3520  6.152702
3525  0.14889565
3530  18.748068
3535  12.937307
3540  16.97861
3545  23.27832
3550  23.71227
3555  53.621338
3560  28.512482
3565  42.081673
3570  79.0923
3575  67.0424
3580  53.965454
3585  68.550415
3590  70.46074
3595  50.822945
3600  36.192802
3605  41.480732
3610  62.122944
3615  83.29573
3620  53.58329
3625  89.18578
3630  23.570272
3635  76.400276
3640  58.10851
3645  34.34034
3650  53.066376
3655  72.40611
3660  63.08198
3665  43.7642
3670  33.99702
3675  39.29065
3680  30.08313
3685  41.230083
3690  2.129417
3695  37.206856
3700  62.622265
3705  46.60114
3710  55.601143
3715  37.28766
3720  24.890278
3725  -4.1672735
3730  10.884209
3735  58.962452
3740  19.321138
3745  25.841854
3750  25.574326
3755  52.812756
3760  31.379232
3765  37.86728
3770  25.078854
3775  38.8229
3780  56.72127
3785  70.10209
3790  31.756016
3795  48.695793
3800  18.06135
3805  1.5944328
3810  54.69635
3815  59.691906
3820  61.05047
3825  73.89226
3830  36.895554
3835  62.636375
3840  44.16001
3845  62.463203
3850  49.26841
3855  62.8043
3860  32.1608
3865  64.74712
3870  47.559177
3875  67.74758
3880  22.370598
3885  38.442745
3890  44.445316
3895  39.50202
3900  74.11366
3905  63.17685
3910  64.52555
3915  70.42875
3920  35.825294
3925  68.13588
3930  51.7622
3935  44.304714
3940  79.397995
3945  72.56868
3950  82.69661
3955  43.19935
3960  81.58038
3965  81.342064
3970  33.48685
3975  23.581776
3980  71.03817
3985  54.521984
3990  79.80419
3995  74.45326
4000  71.26106
4005  44.340733
4010  87.43505
4015  48.919243
4020  28.399334
4025  92.36734
4030  88.34134
4035  88.72746
4040  35.47633
4045  64.33833
4050  86.76341
4055  90.404175
4060  87.24861
4065  83.90522
4070  82.088455
4075  85.69521
4080  75.599205
4085  34.007515
4090  74.1887
4095  49.00519
4100  26.682236
4105  83.634964
4110  81.298134
4115  77.67779
4120  29.985676
4125  71.80876
4130  72.61507
4135  34.543476
4140  71.32379
4145  81.006714
4150  70.73793
4155  88.73439
4160  78.44051
4165  62.762245
4170  77.35404
4175  75.650345
4180  88.73533
4185  104.71653
4190  44.353004
4195  63.421364
4200  78.28489
4205  74.338066
4210  86.39785
4215  87.69701
4220  69.87279
4225  64.0626
4230  91.09152
4235  107.150856
4240  84.263756
4245  87.554504
4250  93.115685
4255  43.3544
4260  72.60563
4265  63.36552
4270  71.12618
4275  22.08469
4280  81.71117
4285  19.818213
4290  54.54666
4295  77.60475
4300  81.74596
4305  96.64196
4310  42.333904
4315  31.326471
4320  32.591667
4325  47.022957
4330  42.541443
4335  59.989433
4340  55.727497
4345  79.60171
4350  82.98436
4355  77.409325
4360  68.44815
4365  84.389015
4370  68.61323
4375  42.079838
4380  68.033585
4385  57.134117
4390  74.64952
4395  71.39688
4400  12.9440365
4405  49.961964
4410  -17.540825
4415  37.41366
4420  77.86013
4425  71.69213
4430  87.32426
4435  46.290447
4440  49.03309
4445  67.96132
4450  59.488403
4455  26.534983
4460  66.06046
4465  85.06648
4470  89.37309
4475  55.67666
4480  18.621393
4485  37.37084
4490  75.16173
4495  31.92395
4500  65.47767
4505  38.37385
4510  72.81207
4515  85.193184
4520  75.77251
4525  4.3308663
4530  76.41864
4535  76.9634
4540  77.02427
4545  84.17831
4550  48.190193
4555  97.236595
4560  43.406815
4565  73.168564
4570  84.78076
4575  25.563583
4580  87.48618
4585  85.939415
4590  75.08951
4595  56.62325
4600  7.613234
4605  68.70315
4610  69.76973
4615  67.72772
4620  53.262848
4625  74.38905
4630  68.76036
4635  78.810295
4640  4.4197984
4645  72.68486
4650  81.43259
4655  48.145683
4660  90.90962
4665  53.868916
4670  53.592213
4675  89.193375
4680  21.534803
4685  80.5885
4690  43.387413
4695  85.44156
4700  42.22755
4705  74.100746
4710  80.685715
4715  80.77391
4720  75.31199
4725  7.6585846
4730  63.423714
4735  75.37701
4740  74.17801
4745  47.397835
4750  43.195217
4755  48.761604
4760  58.951794
4765  53.666718
4770  54.3142
4775  23.264446
4780  17.480967
4785  49.80323
4790  48.604168
4795  -5.346031
4800  -40.776875
4805  49.312447
4810  -55.49993
4815  28.45882
4820  -27.36587
4825  15.007683
4830  45.807224
4835  47.95937
4840  33.4388
4845  -5.4686203
4850  64.75848
4855  43.707733
4860  73.28206
4865  43.86464
4870  40.079887
4875  82.219574
4880  83.94636
4885  93.2729
4890  18.36187
4895  47.95154
4900  90.300865
4905  47.782738
4910  64.444565
4915  87.02688
4920  50.537548
4925  93.20758
4930  61.126453
4935  92.97527
4940  56.337208
4945  65.73248
4950  31.843369
4955  79.02277
4960  56.008324
4965  99.75224
4970  100.27154
4975  97.39911
4980  95.66489
4985  86.82306
4990  98.64546
4995  45.006218
5000  34.695873
5005  47.17304
5010  82.10984
5015  58.00116
5020  7.4967012
5025  50.696587
5030  47.456753
5035  79.47491
5040  41.571423
5045  49.273144
5050  -26.383291
5055  63.369446
5060  43.444874
5065  76.51006
5070  35.59104
5075  61.355736
5080  -13.876612
5085  9.780237
5090  11.698368
5095  70.827354
5100  34.55262
5105  67.71954
5110  58.648865
5115  86.12758
5120  75.343735
5125  40.942345
5130  69.02278
5135  70.88408
5140  67.84253
5145  87.50978
5150  88.11912
5155  93.30285
5160  45.25286
5165  98.0191
5170  113.33225
5175  104.284546
5180  115.36853
5185  106.972885
5190  98.5663
5195  104.47975
5200  95.04454
5205  68.34218
5210  104.78212
5215  82.38096
5220  92.38338
5225  105.58063
5230  72.86649
5235  93.90401
5240  91.56329
5245  100.59005
5250  109.275345
5255  87.540665
5260  87.352295
5265  104.23236
5270  123.03264
5275  106.473434
5280  100.205215
5285  97.73188
5290  112.10941
5295  123.92063
5300  103.625694
5305  117.77612
5310  105.07965
5315  99.327156
5320  108.943665
5325  78.869675
5330  107.969284
5335  114.58443
5340  23.541685
5345  118.77623
5350  75.27986
5355  69.36373
5360  55.85793
5365  37.17268
5370  -3.645279
5375  74.85769
5380  110.15804
5385  81.20009
5390  96.345215
5395  97.77412
5400  98.4408
5405  73.935104
5410  105.16228
5415  64.779366
5420  101.34468
5425  71.228546
5430  100.09031
5435  111.40405
5440  114.064285
5445  99.29185
5450  99.18562
5455  101.339035
5460  117.10535
5465  112.19429
5470  97.75753
5475  107.53982
5480  100.50186
5485  98.94814
5490  102.84895
5495  101.705055
5500  115.17501
5505  115.38271
5510  119.77335
5515  119.97858
5520  108.295334
5525  111.01994
5530  106.883194
5535  118.840775
5540  117.23125
5545  113.24941
5550  112.939354
5555  116.649315
5560  112.199135
5565  107.87843
5570  118.704
5575  105.742386
5580  109.02893
5585  65.79146
5590  129.97069
5595  81.85564
5600  81.416725
5605  75.25846
5610  65.447235
5615  57.945274
5620  108.08923
5625  91.14211
5630  120.02113
5635  117.48307
5640  131.23094
5645  118.309654
5650  71.62513
5655  108.00222
5660  41.009205
5665  118.406906
5670  125.788376
5675  73.6635
5680  48.40718
5685  13.034531
5690  106.50449
5695  96.93791
5700  87.72441
5705  89.716965
5710  48.055397
5715  85.71123
5720  80.7863
5725  88.224686
5730  74.3188
5735  111.77232
5740  104.53424
5745  103.53091
5750  75.91876
5755  36.56751
5760  91.024155
5765  83.180824
5770  73.33408
5775  109.40228
5780  98.09037
5785  104.589584
5790  94.16853
5795  118.59981
5800  109.09056
5805  52.18451
5810  83.47996
5815  40.72039
5820  78.575935
5825  104.08146
5830  34.188313
5835  72.95945
5840  67.82771
5845  63.835426
5850  96.614075
5855  73.887
5860  78.6414
5865  97.45382
5870  108.05885
5875  63.739246
5880  101.63558
5885  57.586983
5890  71.05579
5895  58.47705
5900  102.960915
5905  40.69609
5910  109.565
5915  78.91597
5920  98.47493
5925  112.03684
5930  104.12406
5935  102.70139
5940  63.857067
5945  120.768906
5950  80.78231
5955  118.50452
5960  99.58888
5965  95.45273
5970  94.43896
5975  73.54509
5980  104.05904
5985  89.96224
5990  105.97439
5995  97.74227
6000  78.904884
6005  76.03784
6010  71.87654
6015  112.218216
6020  108.17619
6025  106.73434
6030  38.613808
6035  109.97957
6040  100.16292
6045  54.66845
6050  91.82228
6055  108.85289
6060  100.39743
6065  89.93001
6070  81.76137
6075  109.98186
6080  106.5731
6085  100.76826
6090  99.84147
6095  100.68599
6100  67.86151
6105  102.64713
6110  106.94649
6115  108.20677
6120  75.65154
6125  81.33493
6130  87.407845
6135  50.433357
6140  66.80376
6145  101.45399
6150  110.56897
6155  84.99339
6160  109.24034
6165  101.83821
6170  104.56848
6175  98.05459
6180  105.08763
6185  106.81663
6190  111.23637
6195  112.8479
6200  102.795616
6205  55.236706
6210  113.06868
6215  12.096583
6220  91.21519
6225  102.95992
6230  60.398693
6235  58.470253
6240  100.25868
6245  18.20721
6250  74.95591
6255  83.345116
6260  87.59231
6265  106.96101
6270  112.07737
6275  105.92879
6280  107.785034
6285  108.111244
6290  67.116936
6295  112.841324
6300  100.61131
6305  61.369995
6310  74.35187
6315  77.92331
6320  77.65303
6325  101.31675
6330  72.49143
6335  100.84021
6340  113.341225
6345  117.40636
6350  51.83315
6355  97.70192
6360  79.199844
6365  111.82101
6370  66.75634
6375  109.66345
6380  71.00907
6385  100.3135
6390  113.201515
6395  80.582375
6400  121.37959
6405  110.44822
6410  96.69235
6415  117.20719
6420  107.232216
6425  120.30742
6430  53.460747
6435  104.44336
6440  126.661194
6445  77.70286
6450  105.85884
6455  81.53377
6460  46.486065
6465  118.98495
6470  95.50362
6475  115.34819
6480  106.67924
6485  81.22054
6490  113.358765
6495  127.215065
6500  89.2505
6505  113.03136
6510  81.53936
6515  86.001785
6520  115.41785
6525  128.93161
6530  122.77156
6535  107.927536
6540  81.932724
6545  120.08952
6550  99.70297
6555  112.87633
6560  124.77706
6565  74.07682
6570  117.7145
6575  116.0056
6580  111.32493
6585  114.64138
6590  123.98851
6595  122.082016
6600  65.180176
6605  132.70135
6610  127.84758
6615  120.29946
6620  120.78397
6625  54.223133
6630  106.72063
6635  122.44639
6640  116.79033
6645  125.41016
6650  132.44203
6655  127.448
6660  123.22139
6665  44.354366
6670  134.67302
6675  131.13045
6680  79.23179
6685  78.952194
6690  124.69796
6695  60.40962
6700  95.297325
6705  63.22185
6710  73.32853
6715  137.32368
6720  75.05989
6725  126.802444
6730  138.71396
6735  60.648132
6740  58.09545
6745  96.846634
6750  130.62466
6755  140.45866
6760  58.935913
6765  97.57237
6770  130.04182
6775  122.69859
6780  122.45097
6785  99.83601
6790  97.28795
6795  80.52407
6800  89.19701
6805  117.96725
6810  93.88296
6815  69.60423
6820  128.98814
6825  83.16742
6830  102.6734
6835  84.440285
6840  126.33592
6845  42.10041
6850  88.93807
6855  121.30827
6860  123.83537
6865  78.02173
6870  96.28752
6875  119.41899
6880  61.56333
6885  82.71113
6890  128.98196
6895  133.14676
6900  132.92831
6905  124.971825
6910  107.149734
6915  38.028713
6920  126.9575
6925  125.589584
6930  135.56395
6935  124.83588
6940  128.72403
6945  106.285355
6950  132.81807
6955  122.378944
6960  124.37789
6965  112.84662
6970  110.35811
6975  117.136635
6980  112.99607
6985  127.32937
6990  125.493286
6995  110.39166
7000  106.72683
7005  119.60603
7010  82.84047
7015  81.55452
7020  124.89307
7025  111.678505
7030  125.32155
7035  72.17411
7040  107.64358
7045  105.580185
7050  113.27283
7055  69.41334
7060  109.70164
7065  126.477036
7070  116.621216
7075  118.84277
7080  114.928185
7085  120.24343
7090  116.05867
7095  124.93825
7100  114.62959
7105  128.6018
7110  120.33474
7115  125.40035
7120  115.461716
7125  109.141464
7130  107.091225
7135  109.66344
7140  119.66518
7145  113.49382
7150  110.669106
7155  86.26195
7160  121.17346
7165  110.694786
7170  107.68369
7175  121.89343
7180  128.74524
7185  124.27974
7190  119.04838
7195  119.20091
7200  108.682594
7205  101.752525
7210  98.60996
7215  112.70305
7220  123.19619
7225  119.653854
7230  123.93384
7235  123.729904
7240  120.19151
7245  108.9861
7250  73.03718
7255  76.67345
7260  126.11678
7265  113.99272
7270  126.60704
7275  131.82463
7280  65.13764
7285  43.970722
7290  92.22599
7295  110.96953
7300  128.46713
7305  124.62211
7310  97.78931
7315  75.77141
7320  115.41266
7325  60.249157
7330  119.03322
7335  114.47066
7340  92.03285
7345  118.273544
7350  128.64345
7355  129.26045
7360  68.37676
7365  107.8018
7370  100.24864
7375  115.152054
7380  75.524124
7385  114.03291
7390  115.8683
7395  116.620766
7400  122.42084
7405  106.757935
7410  59.635796
7415  104.82422
7420  10.785373
7425  103.49223
7430  111.73079
7435  123.67578
7440  112.472305
7445  105.73924
7450  119.32759
7455  105.33335
7460  103.31345
7465  124.87456
7470  96.963455
7475  88.49087
7480  123.9655
7485  105.37248
7490  80.79844
7495  110.06272
7500  48.510944
7505  119.845825
7510  117.624
7515  108.3311
7520  110.49597
7525  94.6864
7530  61.447582
7535  66.86758
7540  23.309738
7545  118.81807
7550  125.725624
7555  121.163086
7560  111.65495
7565  113.27315
7570  107.41891
7575  108.403366
7580  113.71848
7585  110.74579
7590  24.606335
7595  124.02849
7600  13.5104065
7605  97.83374
7610  109.64201
7615  111.024414
7620  116.81621
7625  82.11261
7630  120.90623
7635  124.142456
7640  94.18409
7645  55.385284
7650  106.25753
7655  101.11781
7660  112.67539
7665  103.624344
7670  121.87807
7675  117.10506
7680  84.85234
7685  68.49271
7690  96.86997
7695  93.22542
7700  73.73024
7705  107.86885
7710  115.873436
7715  130.92073
7720  68.5919
7725  118.27519
7730  115.084656
7735  32.199158
7740  96.83409
7745  68.49125
7750  88.562996
7755  128.39828
7760  97.52117
7765  69.8808
7770  116.53296
7775  123.08272
7780  120.35789
7785  110.37779
7790  122.75043
7795  121.73466
7800  110.32927
7805  103.54927
7810  19.846563
7815  21.997036
7820  -30.712133
7825  23.015812
7830  125.78268
7835  126.370705
7840  109.876236
7845  67.179
7850  113.95107
7855  93.59422
7860  91.60014
7865  107.94049
7870  69.147995
7875  117.13566
7880  118.48372
7885  76.504486
7890  122.508934
7895  99.42428
7900  70.64014
7905  106.412155
7910  72.13658
7915  74.68385
7920  67.06886
7925  124.12053
7930  120.701515
7935  72.71291
7940  111.76692
7945  98.9392
7950  112.16777
7955  120.669876
7960  78.69449
7965  110.36228
7970  48.341835
7975  102.97809
7980  72.24777
7985  105.05318
7990  109.37068
7995  137.07932
8000  78.29035
8005  64.19822
8010  78.49971
8015  70.30614
8020  79.28154
8025  123.85171
8030  77.66365
8035  106.23662
8040  69.02833
8045  80.98844
8050  100.855934
8055  69.458885
8060  43.055695
8065  72.514336
8070  37.188194
8075  41.586536
8080  34.080612
8085  41.9792
8090  49.24472
8095  43.318245
8100  61.090992
8105  15.402143
8110  84.3643
8115  75.31101
8120  56.09496
8125  74.25485
8130  89.878395
8135  91.8393
8140  39.286064
8145  98.539474
8150  64.03926
8155  24.8158
8160  51.361073
8165  63.812794
8170  31.709743
8175  94.07996
8180  81.39319
8185  65.67445
8190  94.37698
8195  92.74425
8200  56.990803
8205  41.409203
8210  72.38347
8215  56.237415
8220  35.63617
8225  69.95945
8230  90.28589
8235  93.45476
8240  90.08679
8245  62.522644
8250  80.213974
8255  96.948265
8260  116.9294
8265  70.559525
8270  68.87196
8275  62.718468
8280  69.60414
8285  103.493065
8290  70.86567
8295  75.01448
8300  68.78646
8305  113.98916
8310  116.23993
8315  76.55996
8320  35.514477
8325  11.26174
8330  98.39718
8335  63.55857
8340  52.8932
8345  60.03081
8350  92.90532
8355  78.11568
8360  34.925793
8365  33.63097
8370  95.77484
8375  60.753754
8380  87.68518
8385  52.546593
8390  83.68708
8395  78.74342
8400  83.62213
8405  65.2082
8410  -9.833432
8415  25.941248
8420  50.300743
8425  -12.59759
8430  95.758804
8435  -8.2575655
8440  16.66138
8445  84.278046
8450  94.869095
8455  103.075745
8460  66.17711
8465  61.212196
8470  99.49249
8475  79.92817
8480  46.317413
8485  29.518072
8490  60.447594
8495  75.54179
8500  77.81269
8505  60.679035
8510  59.555634
8515  45.919014
8520  60.329285
8525  28.953213
8530  82.52676
8535  21.703796
8540  51.07333
8545  89.13139
8550  62.488598
8555  62.260815
8560  47.67588
8565  80.99099
8570  57.835793
8575  13.765063
8580  60.126
8585  82.49226
8590  87.82467
8595  92.7618
8600  82.26915
8605  37.840477
8610  79.91565
8615  44.388203
8620  61.616344
8625  99.05947
8630  33.880253
8635  65.28125
8640  79.618065
8645  -10.869617
8650  -0.6132523
8655  49.77459
8660  50.95039
8665  54.442574
8670  84.88015
8675  63.402393
8680  51.61419
8685  8.770119
8690  18.488142
8695  55.702477
8700  78.426445
8705  48.7946
8710  44.287075
8715  63.134277
8720  -8.726583
8725  69.42554
8730  68.24833
8735  77.74087
8740  48.293114
8745  60.166676
8750  87.47225
8755  84.53981
8760  74.36566
8765  82.01092
8770  50.424335
8775  51.442944
8780  63.52765
8785  8.422938
8790  65.6886
8795  57.59497
8800  74.53055
8805  87.212326
8810  87.11796
8815  91.45828
8820  100.03396
8825  102.006065
8830  102.37508
8835  57.497566
8840  90.27904
8845  103.05586
8850  70.51469
8855  103.37655
8860  110.386986
8865  112.318985
8870  99.19167
8875  113.79358
8880  99.551735
8885  91.995804
8890  90.2999
8895  69.19857
8900  113.66943
8905  110.3192
8910  110.91853
8915  109.448746
8920  102.8799
8925  93.539566
8930  94.66211
8935  107.731544
8940  122.38369
8945  114.92651
8950  121.00033
8955  127.6094
8960  103.42167
8965  108.66945
8970  104.900925
8975  105.86751
8980  111.9435
8985  116.995926
8990  115.79784
8995  119.82515
9000  120.650246
9005  105.88237
9010  109.39943
9015  77.13023
9020  121.78286
9025  119.01096
9030  128.79309
9035  121.93164
9040  116.05953
9045  71.07676
9050  104.36931
9055  108.044395
9060  119.918335
9065  135.6176
9070  134.04883
9075  36.593174
9080  118.367226
9085  121.79761
9090  118.1239
9095  122.58401
9100  117.68559
9105  131.0071
9110  128.1932
9115  133.60043
9120  123.57168
9125  75.111435
9130  114.1282
9135  117.361595
9140  113.058426
9145  140.42813
9150  131.60168
9155  136.19409
9160  121.29051
9165  124.1629
9170  119.57231
9175  75.30894
9180  81.33577
9185  130.07796
9190  127.975685
9195  123.61399
9200  122.637985
9205  116.09934
9210  114.49898
9215  81.05525
9220  109.59358
9225  130.94473
9230  125.006325
9235  128.23604
9240  121.04631
9245  116.58583
9250  123.95337
9255  117.21269
9260  122.082985
9265  121.22664
9270  133.03294
9275  119.67302
9280  88.515884
9285  124.62649
9290  113.98181
9295  127.62443
9300  118.63164
9305  127.94224
9310  142.54681
9315  140.6824
9320  89.4094
9325  134.92741
9330  87.315285
9335  129.29738
9340  78.76406
9345  137.43697
9350  144.98393
9355  151.72783
9360  130.4248
9365  112.62378
9370  125.943886
9375  38.391933
9380  76.77254
9385  126.75957
9390  133.25922
9395  97.125725
9400  126.1062
9405  105.41963
9410  120.56958
9415  112.62645
9420  110.21159
9425  110.22136
9430  83.22383
9435  67.295006
9440  139.87311
9445  127.68339
9450  126.65901
9455  90.6629
9460  137.29672
9465  131.53748
9470  64.41474
9475  96.26729
9480  89.34904
9485  81.508224
9490  110.20689
9495  133.76918
9500  114.864456
9505  94.26543
9510  131.20964
9515  49.143707
9520  136.04637
9525  78.317535
9530  130.26555
9535  126.5611
9540  38.443596
9545  75.7927
9550  4.7399015
9555  92.21992
9560  52.33316
9565  71.45664
9570  113.75649
9575  109.65564
9580  49.097694
9585  111.31246
9590  120.56954
9595  131.22409
9600  39.139633
9605  34.23482
9610  110.421326
9615  101.56234
9620  89.34914
9625  108.319016
9630  2.3445861
9635  61.131493
9640  99.006386
9645  98.67721
9650  56.089367
9655  140.97456
9660  60.44867
9665  92.321754
9670  141.22824
9675  62.085457
9680  -46.819298
9685  137.6172
9690  100.20061
9695  140.28018
9700  131.69324
9705  140.64694
9710  133.42383
9715  136.97687
9720  86.76008
9725  95.257385
9730  87.97584
9735  131.88602
9740  132.45633
9745  140.00223
9750  132.10365
9755  83.18933
9760  137.46304
9765  42.0288
9770  128.0822
9775  55.826862
9780  132.72624
9785  138.58493
9790  129.69453
9795  106.876205
9800  148.52623
9805  97.47838
9810  96.12546
9815  113.631424
9820  118.44967
9825  148.65398
9830  147.15343
9835  146.99695
9840  136.13579
9845  150.04509
9850  147.91585
9855  92.10831
9860  139.53442
9865  54.768074
9870  35.133125
9875  145.42041
9880  97.12902
9885  96.565346
9890  89.122116
9895  148.52873
9900  140.99512
9905  89.98388
9910  92.18146
9915  143.7541
9920  142.51692
9925  61.49339
9930  149.07709
9935  139.05507
9940  112.672485
9945  131.68228
9950  95.41649
9955  48.61404
9960  91.50207
9965  64.71034
9970  136.95032
9975  100.10393
9980  75.105515
9985  100.36535
9990  8.730682
9995  70.07561
10000  47.787426
10005  138.80933
10010  79.70738
10015  49.600853
10020  89.99375
10025  -2.3790772
10030  17.2246
10035  68.574745
10040  41.51493
10045  -19.668467
10050  21.25293
10055  3.1752687
10060  101.3127
10065  99.815926
10070  105.2662
10075  139.36426
10080  124.21494
10085  -22.668324
10090  82.51822
10095  66.456314
10100  65.332535
10105  58.415424
10110  52.1221
10115  -20.914602
10120  39.369682
10125  99.36958
10130  130.50208
10135  86.86694
10140  94.81072
10145  81.821236
10150  102.177216
10155  3.4383302
10160  66.10142
10165  82.72509
10170  91.29985
10175  16.780289
10180  98.600266
10185  116.71847
10190  95.47758
10195  72.69353
10200  80.46584
10205  115.11601
10210  124.92279
10215  117.742165
10220  131.64493
10225  46.841713
10230  112.68019
10235  104.594406
10240  80.5293
10245  68.739044
10250  119.49172
10255  75.75482
10260  86.49473
10265  123.61045
10270  103.96832
10275  117.4904
10280  87.93915
10285  66.658394
10290  91.208786
10295  63.052498
10300  126.42085
10305  130.146
10310  123.65566
10315  135.736
10320  117.30824
10325  115.909256
10330  60.286278
10335  89.50968
10340  107.44391
10345  77.64244
10350  120.731094
10355  137.22316
10360  125.303696
10365  122.67285
10370  116.598145
10375  139.42451
10380  108.80459
10385  111.91875
10390  139.70917
10395  106.01018
10400  128.80945
10405  50.35786
10410  98.812546
10415  -19.049343
10420  94.03993
10425  157.36845
10430  76.60204
10435  124.777
10440  48.991043
10445  29.045544
10450  32.756218
10455  86.1578
10460  39.774017
10465  99.21076
10470  66.55539
10475  144.27792
10480  80.716125
10485  100.37201
10490  126.31569
10495  42.524883
10500  105.928345
10505  125.80978
10510  92.81185
10515  117.71196
10520  128.4305
10525  117.49258
10530  67.9832
10535  127.561325
10540  103.57456
10545  141.05287
10550  132.94583
10555  140.62541
10560  94.435585
10565  85.11934
10570  127.36726
10575  98.35125
10580  106.437546
10585  146.23746
10590  109.98397
10595  89.87062
10600  85.63222
10605  113.670006
10610  82.7842
10615  64.169525
10620  123.0344
10625  122.04271
10630  78.88852
10635  120.29242
10640  72.64931
10645  107.00199
10650  65.342445
10655  106.05408
10660  117.90413
10665  128.68027
10670  80.30485
10675  125.442444
10680  107.07886
10685  80.33488
10690  113.18777
10695  115.65981
10700  70.56825
10705  118.10097
10710  119.851456
10715  114.96499
10720  67.378525
10725  116.29452
10730  46.854828
10735  91.79469
10740  54.476856
10745  106.99363
10750  112.85183
10755  108.81284
10760  106.81189
10765  114.83335
10770  61.17915
10775  110.26084
10780  101.06525
10785  112.5103
10790  121.582664
10795  128.60739
10800  25.522861
10805  105.53902
10810  125.52815
10815  59.4094
10820  120.792404
10825  127.97386
10830  132.04828
10835  137.82773
10840  120.275475
10845  117.54082
10850  123.48594
10855  118.57217
10860  123.66061
10865  120.86056
10870  47.648224
10875  127.844986
10880  122.81716
10885  107.14897
10890  84.47792
10895  68.91321
10900  123.137245
10905  121.58103
10910  124.346985
10915  141.68541
10920  132.92392
10925  140.81815
10930  92.24143
10935  138.13065
10940  32.52434
10945  83.49843
10950  147.48709
10955  152.33807
10960  148.06467
10965  99.48734
10970  144.99384
10975  100.19432
10980  24.230637
10985  21.17041
10990  74.12328
10995  123.94901
11000  101.42229
11005  112.586105
11010  129.78792
11015  139.98456
11020  77.53273
11025  52.397278
11030  105.93628
11035  141.50749
11040  124.455956
11045  126.67848
11050  108.58446
11055  78.49989
11060  119.75256
11065  102.12638
11070  127.453636
11075  131.32097
11080  115.9091
11085  125.24361
11090  130.27243
11095  125.59068
11100  129.79607
11105  112.6378
11110  136.10538
11115  143.7305
11120  79.13649
11125  96.64537
11130  113.347595
11135  109.05379
11140  104.566605
11145  109.43202
11150  115.28168
11155  117.45038
11160  114.36448
11165  111.37522
11170  109.903885
11175  117.89463
11180  116.01955
11185  109.62067
11190  116.01168
11195  117.31039
11200  130.01169
11205  117.80125
11210  121.43335
11215  119.37547
11220  123.314255
11225  123.88599
11230  121.73114
11235  134.58072
11240  73.89001
11245  125.69814
11250  122.44894
11255  67.30326
11260  122.09037
11265  116.828514
11270  69.55072
11275  130.98189
11280  120.461754
11285  113.43459
11290  119.486465
11295  65.54763
11300  114.1249
11305  125.39083
11310  115.581764
11315  124.17883
11320  120.972984
11325  116.11729
11330  114.732864
11335  110.261635
11340  117.49593
11345  62.892723
11350  113.002884
11355  120.77429
11360  120.45671
11365  116.53335
11370  113.51204
11375  85.169
11380  119.06602
11385  122.77771
11390  125.927444
11395  124.62406
11400  128.35231
11405  121.661766
11410  70.960754
11415  77.60748
11420  81.27312
11425  131.19643
11430  80.87477
11435  134.91158
11440  139.15346
11445  139.37216
11450  95.668655
11455  139.86165
11460  139.5456
11465  142.05792
11470  148.25577
11475  147.82834
11480  144.78145
11485  57.476723
11490  141.29826
11495  147.43553
11500  146.91331
11505  99.835976
11510  94.18087
11515  99.58077
11520  88.8823
11525  149.17397
11530  158.5842
11535  125.90879
11540  109.83055
11545  130.87599
11550  143.84192
11555  139.54916
11560  134.41216
11565  138.96652
11570  129.19724
11575  137.20871
11580  133.97174
11585  137.06131
11590  132.9467
11595  141.83374
11600  59.077934
11605  143.6894
11610  145.25856
11615  140.21928
11620  141.00696
11625  148.56592
11630  86.96249
11635  149.4288
11640  83.56114
11645  146.20235
11650  145.58218
11655  152.18443
11660  158.36461
11665  127.45256
11670  59.260414
11675  124.75787
11680  144.3532
11685  68.75728
11690  152.5404
11695  114.27736
11700  146.91061
11705  147.2821
11710  90.73069
11715  143.23296
11720  143.20808
11725  133.19919
11730  148.8951
11735  31.475872
11740  151.44824
11745  40.782776
11750  53.899525
11755  147.82693
11760  113.24764
11765  140.10928
11770  143.86125
11775  130.09323
11780  143.35216
11785  133.22977
11790  97.740486
11795  133.4522
11800  137.46895
11805  76.40184
11810  132.82292
11815  133.27382
11820  140.3994
11825  141.13312
11830  141.92885
11835  137.9264
11840  125.99812
11845  133.04782
11850  141.659
11855  120.22908
11860  143.5961
11865  104.92031
11870  96.03367
11875  96.04259
11880  139.20074
11885  142.61423
11890  137.4831
11895  157.90466
11900  106.93845
11905  155.49568
11910  106.65383
11915  150.52148
11920  134.99901
11925  91.546036
11930  139.18192
11935  73.5188
11940  147.95517
11945  145.23419
11950  133.86386
11955  140.25327
11960  101.75133
11965  134.75038
11970  89.09559
11975  138.4666
11980  149.7475
11985  102.01839
11990  75.77543
11995  142.49496
12000  136.76819
12005  132.2604
12010  117.65863
12015  135.97446
12020  134.87297
12025  135.68379
12030  131.51561
12035  121.55916
12040  118.287476
12045  117.62532
12050  125.71409
12055  125.888245
12060  134.07272
12065  138.53096
12070  91.99446
12075  99.29157
12080  115.10933
12085  75.709984
12090  82.04713
12095  121.41054
12100  135.24365
12105  85.63904
12110  126.39397
12115  133.0354
12120  118.67593
12125  108.52919
12130  96.13328
12135  117.123886
12140  119.8091
12145  113.19661
12150  124.25535
12155  128.86108
12160  119.61605
12165  119.55061
12170  76.879196
12175  104.1578
12180  113.35728
12185  86.77495
12190  116.38716
12195  123.562256
12200  103.60176
12205  74.79938
12210  62.79885
12215  96.42745
12220  79.16341
12225  32.967262
12230  71.37319
12235  90.956894
12240  118.38643
12245  73.883316
12250  76.02663
12255  67.60368
12260  112.93345
12265  102.578575
12270  117.55974
12275  56.01817
12280  98.975784
12285  73.58215
12290  111.84896
12295  107.26274
12300  115.93154
12305  96.07794
12310  126.74211
12315  114.91585
12320  107.52168
12325  27.8624
12330  59.975475
12335  91.907646
12340  91.87459
12345  56.320374
12350  64.04872
12355  114.187256
12360  97.34276
12365  133.024
12370  127.936195
12375  127.732254
12380  18.375454
12385  127.41333
12390  129.20036
12395  122.50356
12400  17.01012
12405  117.07517
12410  124.66298
12415  117.861984
12420  41.01305
12425  136.15494
12430  133.6504
12435  82.29179
12440  94.33695
12445  120.143295
12450  64.84508
12455  85.77809
12460  117.75598
12465  92.732506
12470  85.09535
12475  82.87246
12480  114.8959
12485  109.32617
12490  85.77688
12495  117.635826
12500  119.773544
12505  126.90536
12510  119.38341
12515  113.40698
12520  37.270164
12525  114.24982
12530  115.62211
12535  131.69858
12540  122.21837
12545  52.354607
12550  124.31692
12555  125.05009
12560  128.18289
12565  132.19325
12570  129.00536
12575  125.45736
12580  92.97336
12585  105.552505
12590  132.4404
12595  123.90482
12600  115.824585
12605  118.04891
12610  80.49484
12615  84.08297
12620  134.37024
12625  81.01507
12630  127.44417
12635  126.78841
12640  95.19603
12645  88.65813
12650  113.65169
12655  118.05525
12660  38.82511
12665  114.43992
12670  129.4331
12675  132.83156
12680  127.23954
12685  67.48761
12690  89.46309
12695  74.06732
12700  63.217896
12705  25.555841
12710  132.12283
12715  29.392355
12720  100.36281
12725  80.350464
12730  79.78441
12735  77.941795
12740  124.28715
12745  112.32139
12750  136.33699
12755  144.93132
12760  129.69447
12765  80.08705
12770  104.4916
12775  79.05387
12780  85.19469
12785  79.0303
12790  124.03154
12795  77.139565
12800  47.35746
12805  137.71788
12810  137.28894
12815  134.73593
12820  129.7512
12825  98.01389
12830  140.1669
12835  155.91672
12840  160.31345
12845  144.32492
12850  116.975586
12855  150.29086
12860  133.91219
12865  157.43338
12870  159.77942
12875  120.834694
12880  127.16058
12885  75.08886
12890  147.5682
12895  139.77773
12900  145.1793
12905  155.22026
12910  -33.5373
12915  57.089825
12920  144.58778
12925  107.38126
12930  140.83936
12935  133.76048
12940  153.03377
12945  144.99423
12950  101.4387
12955  120.43645
12960  49.080975
12965  84.78204
12970  155.78485
12975  144.12332
12980  126.69745
12985  111.35719
12990  137.86345
12995  101.12346
13000  90.57832
13005  142.6293
13010  116.07341
13015  47.356182
13020  151.40828
13025  38.68767
13030  155.4325
13035  137.91093
13040  146.59189
13045  147.44852
13050  118.69795
13055  146.24222
13060  147.50162
13065  158.67378
13070  151.87639
13075  144.05563
13080  161.55106
13085  158.84485
13090  110.047226
13095  122.40591
13100  89.802505
13105  97.22164
13110  145.92276
13115  140.91725
13120  106.03263
13125  153.38803
13130  152.5681
13135  154.60999
13140  145.66098
13145  144.19315
13150  148.58115
13155  91.58208
13160  108.06309
13165  135.52007
13170  148.33269
13175  116.33018
13180  148.29573
13185  150.66147
13190  81.188034
13195  155.00284
13200  88.061424
13205  122.22495
13210  140.41336
13215  143.19763
13220  142.09746
13225  139.6345
13230  115.354225
13235  92.31704
13240  142.50995
13245  159.33034
13250  157.38095
13255  144.98383
13260  52.515453
13265  125.50618
13270  62.318245
13275  121.66118
13280  144.91135
13285  144.95232
13290  104.841354
13295  155.6785
13300  145.22858
13305  158.9882
13310  156.04884
13315  146.50258
13320  75.08785
13325  148.12885
13330  113.867905
13335  166.31992
13340  155.03125
13345  168.87128
13350  169.12306
13355  111.71433
13360  157.52669
13365  159.0902
13370  88.24209
13375  147.3201
13380  104.50879
13385  178.1517
13390  152.26003
13395  168.18007
13400  113.26605
13405  145.58792
13410  169.20619
13415  93.39488
13420  129.40971
13425  168.38916
13430  165.54855
13435  169.45215
13440  127.48415
13445  71.56712
13450  152.59451
13455  127.60889
13460  161.56583
13465  164.85306
13470  173.36374
13475  172.15775
13480  134.38925
13485  116.918076
13490  139.9047
13495  105.80365
13500  171.95058
13505  98.31414
13510  157.41069
13515  114.891495
13520  112.99931
13525  161.87167
13530  166.43756
13535  165.7385
13540  162.271
13545  126.95264
13550  178.85005
13555  104.86961
13560  80.93187
13565  127.871506
13570  103.10582
13575  93.54695
13580  94.486916
13585  168.52223
13590  169.29124
13595  129.43938
13600  114.77394
13605  113.2571
13610  94.99081
13615  174.02934
13620  165.65515
13625  171.27463
13630  172.05505
13635  108.99465
13640  137.01941
13645  150.11636
13650  105.54848
13655  83.23558
13660  176.70169
13665  120.88029
13670  175.91888
13675  175.49878
13680  121.28023
13685  149.95894
13690  154.90974
13695  168.52066
13700  166.93939
13705  169.08257
13710  127.99254
13715  168.60562
13720  157.20645
13725  101.03605
13730  101.76283
13735  171.80713
13740  182.73349
13745  146.51486
13750  181.65854
13755  170.64034
13760  157.86047
13765  167.30904
13770  152.53781
13775  167.9264
13780  173.50645
13785  155.52898
13790  177.31337
13795  169.28867
13800  162.21198
13805  159.30571
13810  165.72603
13815  165.53163
13820  152.3312
13825  148.70792
13830  171.2684
13835  142.87753
13840  111.72422
13845  171.37704
13850  127.898415
13855  168.8628
13860  177.05118
13865  178.8948
13870  101.87657
13875  101.673065
13880  136.57608
13885  167.30826
13890  168.18784
13895  86.20564
13900  168.90274
13905  135.90111
13910  98.16079
13915  174.53354
13920  137.15213
13925  132.5466
13930  165.53226
13935  158.7549
13940  172.54727
13945  176.99686
13950  133.26991
13955  112.83346
13960  156.96199
13965  131.39664
13970  170.04959
13975  110.289856
13980  98.38962
13985  163.67776
13990  178.00337
13995  163.92433
14000  160.72029
14005  109.10466
14010  156.9158
14015  150.97044
14020  126.08406
14025  128.2699
14030  162.06271
14035  156.57986
14040  149.48026
14045  144.82224
14050  158.25562
14055  150.29071
14060  155.93759
14065  120.23003
14070  139.54294
14075  169.33255
14080  120.05149
14085  143.9235
14090  164.71167
14095  163.16829
14100  94.86263
14105  113.21639
14110  79.94625
14115  76.97154
14120  120.16174
14125  126.719604
14130  145.08018
14135  163.40916
14140  148.86942
14145  145.92647
14150  164.33525
14155  137.84048
14160  146.082
14165  154.07343
14170  144.00574
14175  154.35074
14180  148.26523
14185  158.66895
14190  163.58226
14195  162.21704
14200  141.04391
14205  165.13193
14210  134.70312
14215  149.05742
14220  112.347275
14225  149.04597
14230  152.65753
14235  136.02974
14240  125.85808
14245  150.54587
14250  156.98488
14255  169.87384
14260  104.98395
14265  155.87381
14270  168.20837
14275  164.86032
14280  153.99133
14285  144.31131
14290  157.95468
14295  159.8898
14300  146.73001
14305  144.00052
14310  169.24146
14315  157.14279
14320  122.12251
14325  151.34413
14330  114.603745
14335  146.44493
14340  148.01746
14345  142.70258
14350  160.11089
14355  135.91768
14360  147.82162
14365  104.637695
14370  126.61975
14375  156.11922
14380  150.23434
14385  144.6458
14390  151.6751
14395  129.08081
14400  141.98306
14405  145.49358
14410  137.35199
14415  137.25403
14420  144.16827
14425  144.71614
14430  154.91135
14435  134.14497
14440  142.89223
14445  114.747116
14450  52.50183
14455  135.22925
14460  152.95743
14465  97.50679
14470  143.23247
14475  159.04968
14480  141.59665
14485  74.0099
14490  106.00118
14495  150.4392
14500  93.46773
14505  147.71951
14510  139.86761
14515  150.6204
14520  145.34233
14525  153.44339
14530  94.61592
14535  100.03221
14540  160.04556
14545  157.73906
14550  155.55585
14555  142.14473
14560  155.68672
14565  149.29868
14570  154.49036
14575  160.5942
14580  165.0039
14585  160.00078
14590  157.2302
14595  160.59602
14600  138.53725
14605  165.93137
14610  164.46036
14615  160.88742
14620  158.34612
14625  142.67398
14630  158.03409
14635  167.80043
14640  168.7002
14645  127.48279
14650  170.18747
14655  165.31084
14660  147.66855
14665  163.87027
14670  176.87674
14675  130.9404
14680  135.39233
14685  155.59407
14690  128.68404
14695  161.87688
14700  162.78728
14705  161.87622
14710  158.1185
14715  164.54964
14720  170.88936
14725  167.6471
14730  174.73367
14735  113.75952
14740  167.95056
14745  170.37169
14750  168.69003
14755  159.54166
14760  144.07962
14765  158.07527
14770  153.53125
14775  148.62143
14780  160.1105
14785  155.47673
14790  156.81145
14795  158.96425
14800  162.90509
14805  160.58896
14810  167.03006
14815  150.3989
14820  163.65292
14825  161.12619
14830  163.18236
14835  166.72018
14840  155.70387
14845  139.17683
14850  138.01883
14855  161.91724
14860  173.64496
14865  167.46498
14870  164.92836
14875  146.69371
14880  78.89392
14885  157.68265
14890  175.3342
14895  171.88066
14900  165.93674
14905  172.0324
14910  86.36836
14915  127.59099
14920  109.354164
14925  172.85983
14930  176.02556
14935  173.24333
14940  148.96677
14945  172.76422
14950  182.25237
14955  163.79759
14960  182.17436
14965  171.79895
14970  179.65433
14975  154.32639
14980  119.08293
14985  148.51254
14990  155.6486
14995  183.05473
15000  90.84996
15005  116.76593
15010  192.08977
15015  125.2733
15020  82.58416
15025  128.54279
15030  163.54922
15035  185.68893
15040  82.38771
15045  153.34727
15050  126.80498
15055  116.26497
15060  159.22273
15065  115.8547
15070  157.70645
15075  107.64336
15080  91.81871
15085  108.51321
15090  69.715744
15095  179.58427
15100  155.92058
15105  104.444016
15110  168.63286
15115  174.6322
15120  68.846535
15125  104.62947
15130  160.99792
15135  132.10077
15140  172.08394
15145  133.51906
15150  135.1938
15155  162.57556
15160  150.57645
15165  94.3271
15170  155.78677
15175  172.14062
15180  142.91379
15185  140.63562
15190  121.90015
15195  172.88066
15200  64.08939
15205  153.92339
15210  157.83328
15215  169.75908
15220  124.53689
15225  122.043884
15230  158.19824
15235  169.25835
15240  154.31917
15245  47.709614
15250  157.8493
15255  160.73352
15260  176.63278
15265  172.4081
15270  134.45598
15275  158.07768
15280  141.70714
15285  138.59775
15290  66.65312
15295  160.62898
15300  169.65933
15305  114.72095
15310  156.4579
15315  157.37495
15320  139.78531
15325  147.94972
15330  149.82237
15335  160.9231
15340  166.14622
15345  159.83035
15350  160.36722
15355  164.66438
15360  131.94214
15365  150.79517
15370  162.27103
15375  156.11906
15380  174.14383
15385  165.0989
15390  127.07445
15395  167.16585
15400  154.44601
15405  161.28714
15410  156.02495
15415  150.81152
15420  165.31853
15425  162.34883
15430  168.82797
15435  173.1562
15440  157.61789
15445  145.74173
15450  153.04506
15455  165.3193
15460  172.10054
15465  173.06218
15470  155.51712
15475  171.05635
15480  125.233604
15485  153.24142
15490  99.43185
15495  138.23477
15500  154.27115
15505  167.79033
15510  162.73549
15515  163.58672
15520  163.18326
15525  153.52126
15530  158.726
15535  153.42758
15540  134.60605
15545  164.4957
15550  168.74289
15555  172.12048
15560  158.53232
15565  161.46266
15570  156.51419
15575  162.37595
15580  162.95241
15585  178.833
15590  170.44449
15595  168.33353
15600  136.57474
15605  163.4898
15610  132.04808
15615  127.61482
15620  162.91345
15625  166.72112
15630  173.79819
15635  167.10934
15640  170.57748
15645  154.50473
15650  157.49568
15655  161.72336
15660  168.19833
15665  172.24521
15670  149.80171
15675  182.27573
15680  154.64267
15685  107.13225
15690  167.60184
15695  168.54013
15700  163.979
15705  182.99002
15710  176.94885
15715  148.65724
15720  113.62396
15725  86.83491
15730  166.66629
15735  164.61719
15740  169.04976
15745  170.12772
15750  143.54718
15755  169.54851
15760  143.56772
15765  115.61493
15770  174.04878
15775  159.27788
15780  43.696125
15785  100.69798
15790  164.61772
15795  167.6988
15800  158.11584
15805  142.61787
15810  149.33788
15815  160.77344
15820  98.69792
15825  126.200905
15830  166.31595
15835  163.46616
15840  155.6307
15845  97.25563
15850  148.59811
15855  116.754616
15860  78.57356
15865  160.89348
15870  176.01811
15875  164.23177
15880  162.8544
15885  102.16992
15890  155.12956
15895  95.56116
15900  95.254974
15905  153.89621
15910  169.41884
15915  172.69409
15920  104.36796
15925  146.14195
15930  170.83548
15935  137.9188
15940  137.72998
15945  167.51828
15950  139.03537
15955  169.78897
15960  149.54071
15965  150.79776
15970  150.41965
15975  153.76299
15980  157.21574
15985  120.79413
15990  166.73978
15995  172.23854
16000  152.0325
16005  162.80594
16010  118.67699
16015  106.51286
16020  76.20332
16025  161.55518
16030  112.96352
16035  172.63164
16040  103.63484
16045  162.38277
16050  153.59615
16055  153.02892
16060  111.93379
16065  160.95569
16070  166.70016
16075  172.2967
16080  137.5397
16085  171.06216
16090  137.47578
16095  173.38374
16100  164.6619
16105  115.515396
16110  85.66554
16115  151.65346
16120  177.71974
16125  170.12796
16130  114.71743
16135  141.44609
16140  159.2977
16145  170.0522
16150  181.13977
16155  176.86632
16160  173.0121
16165  108.15373
16170  157.66742
16175  111.50751
16180  171.47043
16185  107.0009
16190  158.43475
16195  163.20633
16200  165.08427
16205  110.24673
16210  131.90256
16215  120.62327
16220  160.9832
16225  178.90305
16230  121.6204
16235  168.0475
16240  182.21721
16245  170.26318
16250  147.89204
16255  163.26364
16260  130.28345
16265  174.80692
16270  120.09739
16275  178.25932
16280  142.74599
16285  98.8359
16290  54.565357
16295  113.93618
16300  167.37027
16305  72.8882
16310  87.83333
16315  164.59303
16320  177.41422
16325  109.213036
16330  139.57518
16335  151.84285
16340  100.32732
16345  141.26665
16350  76.86576
16355  70.13783
16360  147.08731
16365  178.6099
16370  36.85495
16375  17.872433
16380  65.80205
16385  54.465675
16390  -29.55275
16395  98.21934
16400  59.888264
16405  110.33368
16410  86.324585
16415  -19.732342
16420  83.08153
16425  47.865517
16430  82.84442
16435  61.92218
16440  114.15334
16445  97.754555
16450  132.95389
16455  125.68943
16460  157.97519
16465  152.952
16470  152.67712
16475  150.6803
16480  56.743225
16485  132.54593
16490  151.45047
16495  146.04044
16500  125.137405
16505  161.06772
16510  124.97068
16515  130.6265
16520  159.2474
16525  152.9739
16530  100.645065
16535  147.14093
16540  122.58154
16545  122.75564
16550  163.7917
16555  152.71872
16560  118.892334
16565  163.26134
16570  154.39725
16575  142.04051
16580  162.61983
16585  155.69395
16590  160.28706
16595  124.49674
16600  157.88486
16605  124.91841
16610  160.23427
16615  172.81615
16620  159.75412
16625  154.41159
16630  131.691
16635  168.9856
16640  160.08206
16645  156.40591
16650  165.68112
16655  165.27522
16660  147.13773
16665  134.43474
16670  116.096596
16675  171.47252
16680  70.63553
16685  116.23329
16690  169.33159
16695  170.43924
16700  169.31752
16705  166.83249
16710  141.04445
16715  145.77902
16720  157.69746
16725  132.45515
16730  159.03311
16735  169.43004
16740  171.4894
16745  169.75179
16750  163.87589
16755  168.56496
16760  104.842674
16765  172.05226
16770  148.07057
16775  95.59829
16780  170.36069
16785  178.67204
16790  146.42046
16795  176.50452
16800  130.53557
16805  167.11536
16810  132.82697
16815  179.24156
16820  152.7186
16825  132.4774
16830  95.334236
16835  133.11246
16840  148.28346
16845  139.24869
16850  67.24645
16855  180.16048
16860  128.8125
16865  172.81255
16870  102.83702
16875  173.44435
16880  142.21939
16885  170.91708
16890  176.05785
16895  174.21838
16900  129.99251
16905  173.55032
16910  143.21591
16915  158.03857
16920  169.63356
16925  174.14273
16930  89.26235
16935  147.09308
16940  140.25363
16945  93.11598
16950  156.60852
16955  147.57166
16960  92.875626
16965  111.9525
16970  142.4115
16975  182.27176
16980  130.22478
16985  147.80447
16990  182.33
16995  128.32603
17000  128.0136
17005  169.44621
17010  174.46236
17015  171.54591
17020  177.26888
17025  178.33493
17030  187.33997
17035  175.13422
17040  175.36629
17045  111.84133
17050  127.98131
17055  141.02307
17060  152.11984
17065  173.16568
17070  117.38021
17075  187.6951
17080  102.363
17085  143.89114
17090  117.92113
17095  139.30669
17100  113.57567
17105  185.4725
17110  175.93497
17115  189.28276
17120  139.05444
17125  179.29263
17130  169.20459
17135  170.19969
17140  145.22067
17145  150.47243
17150  72.2867
17155  140.12141
17160  83.920944
17165  93.19674
17170  174.64949
17175  144.88976
17180  181.97397
17185  180.16805
17190  186.69963
17195  184.65317
17200  177.65524
17205  177.45787
17210  139.30577
17215  141.15964
17220  140.93777
17225  183.68016
17230  156.5971
17235  143.39262
17240  152.68187
17245  114.08113
17250  129.32024
17255  178.00641
17260  107.322556
17265  171.07603
17270  147.68602
17275  182.8591
17280  128.71585
17285  146.04436
17290  124.86802
17295  171.48454
17300  117.964134
17305  118.520645
17310  93.12892
17315  154.38766
17320  153.3337
17325  179.05782
17330  113.69511
17335  130.50998
17340  117.785645
17345  125.44942
17350  174.71062
17355  166.64719
17360  151.29953
17365  163.70944
17370  142.6135
17375  155.48445
17380  167.7216
17385  131.40103
17390  144.13339
17395  153.72523
17400  130.33255
17405  162.94476
17410  164.35022
17415  157.45305
17420  155.43839
17425  167.87341
17430  174.0577
17435  142.12955
17440  134.38168
17445  152.85428
17450  163.76807
17455  109.846756
17460  125.00669
17465  159.23483
17470  171.97882
17475  130.96342
17480  169.03464
17485  98.9716
17490  134.14986
17495  128.07681
17500  113.95341
17505  111.32456
17510  148.04901
17515  108.051895
17520  152.79733
17525  136.36722
17530  95.685074
17535  155.59158
17540  170.65152
17545  144.8793
17550  103.5744
17555  128.81155
17560  163.29672
17565  83.81
17570  144.4443
17575  125.79844
17580  68.057205
17585  144.52538
17590  132.41238
17595  178.80725
17600  165.28757
17605  140.81009
17610  123.964676
17615  137.18654
17620  170.91714
17625  126.8901
17630  66.667175
17635  158.48317
17640  167.96103
17645  141.5662
17650  173.91913
17655  112.629616
17660  168.29625
17665  146.67487
17670  165.32425
17675  151.72556
17680  142.70818
17685  134.97873
17690  164.78317
17695  164.06134
17700  97.63579
17705  28.794392
17710  88.446045
17715  186.4969
17720  146.31181
17725  182.18172
17730  98.50325
17735  169.5488
17740  172.69336
17745  128.8918
17750  175.40865
17755  182.37265
17760  167.97961
17765  120.93722
17770  124.4327
17775  164.48892
17780  181.42653
17785  110.87301
17790  103.18346
17795  107.299034
17800  136.81078
17805  86.82368
17810  148.13354
17815  79.17779
17820  110.97323
17825  167.10735
17830  143.90614
17835  182.65002
17840  167.17683
17845  110.19849
17850  179.6395
17855  164.44412
17860  174.26562
17865  114.06409
17870  170.99081
17875  182.42703
17880  180.29762
17885  136.8631
17890  115.50419
17895  172.65799
17900  71.58502
17905  93.84031
17910  140.4365
17915  176.094
17920  178.36813
17925  161.9642
17930  133.5297
17935  174.5214
17940  170.12466
17945  117.64622
17950  112.044655
17955  52.65862
17960  154.55319
17965  136.78972
17970  134.87595
17975  168.58876
17980  148.72281
17985  168.06848
17990  179.75717
17995  180.20486
18000  131.78622
18005  137.8597
18010  186.41919
18015  175.38681
18020  159.72273
18025  182.78116
18030  175.02335
18035  146.7769
18040  181.76672
18045  185.92593
18050  155.8584
18055  184.87827
18060  151.07043
18065  171.3989
18070  116.96248
18075  143.8046
18080  130.2384
18085  120.98171
18090  114.77018
18095  179.66866
18100  169.0123
18105  147.08269
18110  173.4688
18115  169.60959
18120  176.86081
18125  153.02397
18130  180.08379
18135  143.99745
18140  175.07942
18145  182.6312
18150  178.70464
18155  140.34521
18160  174.5538
18165  185.87213
18170  179.40266
18175  182.03406
18180  173.26913
18185  143.86957
18190  185.11
18195  174.61243
18200  180.26723
18205  147.3835
18210  178.25932
18215  171.99623
18220  148.10953
18225  172.81076
18230  180.97287
18235  184.9451
18240  75.51007
18245  126.18075
18250  180.67915
18255  186.24641
18260  104.04673
18265  186.25192
18270  153.32072
18275  155.51584
18280  124.054276
18285  21.895542
18290  187.30615
18295  191.62839
18300  150.94621
18305  158.94691
18310  118.33589
18315  161.85156
18320  119.94702
18325  112.30955
18330  187.58127
18335  178.53741
18340  145.60881
18345  191.40811
18350  161.03235
18355  150.00986
18360  160.21063
18365  96.990456
18370  181.77086
18375  159.2944
18380  116.73678
18385  172.425
18390  151.48181
18395  185.13179
18400  148.39171
18405  174.31348
18410  94.691475
18415  183.48587
18420  188.44255
18425  192.01453
18430  121.091064
18435  181.51001
18440  134.0252
18445  174.06291
18450  134.09277
18455  180.94926
18460  137.86646
18465  170.39032
18470  134.9648
18475  177.27989
18480  111.93303
18485  167.05557
18490  125.198074
18495  108.21321
18500  153.12332
18505  162.62354
18510  100.93936
18515  131.43755
18520  114.23916
18525  107.64571
18530  146.93794
18535  159.32051
18540  145.533
18545  129.06851
18550  154.46786
18555  110.89547
18560  167.67659
18565  144.26904
18570  118.17985
18575  147.14825
18580  171.64758
18585  96.00035
18590  93.62233
18595  130.76924
18600  165.66626
18605  142.41873
18610  164.84082
18615  147.18637
18620  139.32785
18625  152.12108
18630  184.26167
18635  186.97282
18640  149.22176
18645  148.2508
18650  123.04585
18655  179.82637
18660  151.07854
18665  177.7366
18670  176.08
18675  173.86813
18680  172.78787
18685  166.71341
18690  138.59143
18695  175.21646
18700  149.49648
18705  151.65237
18710  181.22348
18715  186.35796
18720  179.54874
18725  182.43414
18730  181.78714
18735  172.70872
18740  179.80408
18745  147.3277
18750  180.38605
18755  182.3135
18760  116.258804
18765  154.98384
18770  136.85115
18775  178.10315
18780  188.11334
18785  188.90486
18790  194.6948
18795  188.754
18800  124.353294
18805  92.33773
18810  119.46265
18815  148.1963
18820  129.93018
18825  189.37576
18830  147.10362
18835  193.58743
18840  179.88788
18845  116.07051
18850  124.23445
18855  119.69914
18860  131.1461
18865  135.0036
18870  193.90701
18875  114.39982
18880  184.40715
18885  53.84373
18890  180.80493
18895  138.88724
18900  94.99375
18905  136.6835
18910  13.871518
18915  95.05779
18920  101.74953
18925  109.072426
18930  125.80576
18935  182.35812
18940  117.608376
18945  156.20389
18950  154.9356
18955  194.83557
18960  190.7869
18965  94.21651
18970  186.2133
18975  165.64076
18980  191.81552
18985  117.8765
18990  143.51282
18995  155.69974
19000  133.55566
19005  102.296104
19010  144.27034
19015  58.314568
19020  -6.439612
19025  28.474615
19030  74.194046
19035  140.31339
19040  66.59493
19045  32.7978
19050  -24.13554
19055  158.89383
19060  60.17154
19065  122.876686
19070  119.26222
19075  141.78354
19080  143.96744
19085  42.575462
19090  124.75926
19095  67.94374
19100  97.89509
19105  146.69067
19110  154.66476
19115  44.100876
19120  137.80415
19125  19.967625
19130  120.64921
19135  134.26106
19140  154.7712
19145  187.06136
19150  173.02748
19155  167.39795
19160  169.91512
19165  140.14005
19170  171.46866
19175  173.37898
19180  154.25818
19185  171.2756
19190  131.75218
19195  172.74234
19200  168.01245
19205  160.48196
19210  169.5026
19215  179.02713
19220  168.79355
19225  180.13753
19230  172.5842
19235  166.69983
19240  174.33786
19245  155.77832
19250  150.18472
19255  91.54491
19260  121.96126
19265  137.7017
19270  165.69717
19275  180.71506
19280  171.71736
19285  172.28775
19290  150.0022
19295  182.35837
19300  176.47258
19305  153.24727
19310  190.10544
19315  123.90944
19320  112.54769
19325  186.16858
19330  140.76501
19335  142.09416
19340  184.43744
19345  178.47331
19350  184.66328
19355  190.65814
19360  126.508385
19365  139.95772
19370  76.96794
19375  99.04655
19380  171.17226
19385  110.2979
19390  113.25816
19395  188.87361
19400  110.03931
19405  184.36905
19410  140.7559
19415  79.5706
19420  114.597
19425  176.05688
19430  182.77194
19435  158.89009
19440  185.26224
19445  143.80254
19450  178.62234
19455  176.77747
19460  177.78226
19465  100.53605
19470  164.00026
19475  128.36526
19480  124.95742
19485  173.70401
19490  167.61374
19495  135.40067
19500  162.37604
19505  127.48869
19510  164.18645
19515  168.11902
19520  164.82468
19525  175.48454
19530  177.26096
19535  55.70199
19540  144.17673
19545  178.23625
19550  119.076416
19555  175.45076
19560  166.02829
19565  112.74036
19570  175.26389
19575  77.449524
19580  133.36525
19585  173.16687
19590  97.04252
19595  138.5313
19600  81.2318
19605  91.87648
19610  134.0479
19615  138.53325
19620  119.6616
19625  144.9801
19630  85.64589
19635  82.24556
19640  182.80312
19645  125.10132
19650  186.66077
19655  142.10898
19660  150.02805
19665  182.52515
19670  191.5178
19675  127.69922
19680  158.61523
19685  132.47969
19690  129.01254
19695  55.39969
19700  177.22531
19705  180.63306
19710  88.35287
19715  110.32876
19720  94.40099
19725  167.68582
19730  180.73622
19735  123.51284
19740  99.08236
19745  132.54153
19750  101.03422
19755  173.0712
19760  142.35345
19765  167.96156
19770  169.03148
19775  140.15442
19780  180.76524
19785  176.3174
19790  153.93694
19795  154.2944
19800  178.7811
19805  105.068016
19810  144.68347
19815  113.64608
19820  169.26955
19825  169.26207
19830  142.24655
19835  165.12141
19840  175.23265
19845  186.6062
19850  169.31808
19855  144.25601
19860  158.59285
19865  170.31589
19870  186.35312
19875  176.41432
19880  166.39938
19885  158.86209
19890  108.20561
19895  157.92458
19900  125.6724
19905  110.91604
19910  164.03152
19915  184.65259
19920  131.07077
19925  182.39291
19930  168.25441
19935  118.99579
19940  155.00749
19945  156.08182
19950  173.49834
19955  192.5584
19960  190.80936
19965  139.57239
19970  147.9454
19975  191.16545
19980  170.38396
19985  165.17032
19990  165.50351
19995  158.63335
20000  157.43677