_Episode  _MeanReward
5  -136.90063
10  -140.35086
15  -147.9404
20  -169.06319
25  -178.16318
30  -194.7898
35  -191.53452
40  -195.67844
45  -204.56294
50  -170.8629
55  -166.81462
60  -175.40555
65  -183.80656
70  -206.99406
75  -169.1818
80  -194.18964
85  -223.58829
90  -191.32079
95  -210.21684
100  -202.72794
105  -201.86295
110  -208.05875
115  -197.24472
120  -177.32181
125  -196.25105
130  -193.83246
135  -206.83894
140  -161.91672
145  -177.34708
150  -199.021
155  -169.50107
160  -170.59756
165  -206.83334
170  -194.94733
175  -218.1239
180  -204.01529
185  -202.1286
190  -217.82622
195  -210.21187
200  -208.60588
205  -153.6209
210  -150.57681
215  -183.99887
220  -173.09799
225  -165.78494
230  -167.13986
235  -181.88148
240  -161.8167
245  -176.76678
250  -211.96904
255  -182.60303
260  -191.50981
265  -169.7032
270  -182.50946
275  -196.37274
280  -174.85942
285  -194.38637
290  -155.0156
295  -162.99915
300  -201.22607
305  -191.02364
310  -181.5686
315  -207.31953
320  -195.18388
325  -172.62834
330  -159.15819
335  -157.90466
340  -175.03471
345  -171.78255
350  -168.37947
355  -151.49228
360  -202.84637
365  -176.59258
370  -161.52263
375  -186.03336
380  -193.22046
385  -172.85599
390  -209.30954
395  -170.90067
400  -147.05685
405  -149.89558
410  -158.32544
415  -178.0945
420  -178.30515
425  -170.71375
430  -165.16048
435  -153.44191
440  -158.05449
445  -141.80664
450  -170.33218
455  -149.57585
460  -148.35706
465  -152.05325
470  -148.30226
475  -150.6449
480  -159.79758
485  -148.97917
490  -149.6602
495  -148.26736
500  -144.2289
505  -143.59543
510  -133.1373
515  -138.69376
520  -131.43173
525  -143.44623
530  -138.76163
535  -136.83963
540  -139.83005
545  -130.93503
550  -141.97198
555  -164.29929
560  -153.30984
565  -156.14337
570  -152.01083
575  -145.06477
580  -141.51083
585  -142.84065
590  -147.1027
595  -145.21075
600  -147.43666
605  -150.79922
610  -136.2797
615  -133.97787
620  -144.23381
625  -123.624146
630  -120.39757
635  -139.92969
640  -150.53275
645  -135.55322
650  -126.98039
655  -145.34045
660  -119.695755
665  -116.70561
670  -118.79436
675  -123.25112
680  -115.32796
685  -112.23112
690  -114.08995
695  -115.6808
700  -114.951744
705  -118.900635
710  -117.87431
715  -116.3949
720  -114.48201
725  -112.7776
730  -114.9738
735  -113.44177
740  -113.76255
745  -110.214516
750  -109.7964
755  -111.30481
760  -105.03694
765  -113.74355
770  -110.682724
775  -108.46401
780  -110.15825
785  -109.87809
790  -110.09796
795  -107.69002
800  -106.98143
805  -103.54738
810  -107.14805
815  -100.02409
820  -104.44027
825  -99.70895
830  -102.06041
835  -97.69866
840  -96.33348
845  -99.92331
850  -101.972725
855  -101.87638
860  -101.6287
865  -104.89536
870  -96.159134
875  -91.60921
880  -99.4046
885  -102.14451
890  -100.62789
895  -90.44459
900  -91.92836
905  -87.69956
910  -92.17598
915  -80.28631
920  -99.78523
925  -85.62716
930  -88.97975
935  -84.69114
940  -82.20903
945  -84.273674
950  -81.8143
955  -75.50111
960  -78.96511
965  -69.739845
970  -77.65322
975  -87.402115
980  -94.962875
985  -73.67952
990  -70.7786
995  -78.32218
1000  -72.23607
1005  -63.733986
1010  -63.631153
1015  -56.173504
1020  -56.177025
1025  -49.59588
1030  -48.76747
1035  -49.336742
1040  -48.52195
1045  -58.05246
1050  -79.16565
1055  -71.39921
1060  -102.17802
1065  -62.207794
1070  -60.09278
1075  -62.102287
1080  -91.90208
1085  -104.41228
1090  -75.69978
1095  -87.14248
1100  -105.68208
1105  -85.82299
1110  -69.06806
1115  -63.52529
1120  -71.23949
1125  -55.95114
1130  -76.66706
1135  -62.92336
1140  -53.08296
1145  -58.534477
1150  -65.32603
1155  -50.92005
1160  -46.06244
1165  -55.33373
1170  -51.251087
1175  -54.083447
1180  -43.426872
1185  -49.734097
1190  -34.0857
1195  -48.22976
1200  -52.197803
1205  -42.304054
1210  -65.90248
1215  -47.205757
1220  -47.045265
1225  -47.016644
1230  -41.766163
1235  -41.471626
1240  -41.844246
1245  -51.507763
1250  -25.091461
1255  -44.86287
1260  -37.922764
1265  -40.712288
1270  -21.098944
1275  -100.76628
1280  -103.52002
1285  -129.66666
1290  -114.335915
1295  -121.24685
1300  -117.87352
1305  -112.93646
1310  -117.56699
1315  -115.87866
1320  -116.89258
1325  -111.46702
1330  -122.62827
1335  -122.99292
1340  -120.71092
1345  -112.46112
1350  -119.00126
1355  -113.228905
1360  -112.607346
1365  -106.19043
1370  -112.850815
1375  -113.73909
1380  -107.723495
1385  -109.00403
1390  -118.87101
1395  -126.85823
1400  -111.93425
1405  -115.67381
1410  -116.308304
1415  -114.48436
1420  -105.94584
1425  -98.54451
1430  -97.80926
1435  -107.325745
1440  -105.38387
1445  -129.73546
1450  -145.91948
1455  -123.76554
1460  -128.06618
1465  -132.28636
1470  -152.9597
1475  -154.30568
1480  -159.05095
1485  -159.64392
1490  -157.48567
1495  -152.02975
1500  -145.01999
1505  -144.93765
1510  -114.61672
1515  -111.78093
1520  -116.989624
1525  -104.321045
1530  -102.80275
1535  -89.67766
1540  -87.792336
1545  -84.94472
1550  -85.492355
1555  -82.66182
1560  -126.339516
1565  -126.20711
1570  -137.60864
1575  -135.5524
1580  -149.48795
1585  -141.66933
1590  -138.63069
1595  -128.24057
1600  -140.12515
1605  -142.91357
1610  -120.23601
1615  -110.25503
1620  -99.678345
1625  -102.75334
1630  -105.234825
1635  -100.1349
1640  -95.67675
1645  -92.341545
1650  -94.74336
1655  -93.34313
1660  -70.69316
1665  -70.980934
1670  -71.00974
1675  -75.61354
1680  -72.20452
1685  -65.18259
1690  -69.19163
1695  -70.92416
1700  -64.7115
1705  -74.91077
1710  -60.78231
1715  -66.03113
1720  -70.33854
1725  -64.79485
1730  -61.112297
1735  -65.66463
1740  -41.14498
1745  -33.63152
1750  -26.71748
1755  -24.337719
1760  -37.57978
1765  -32.66481
1770  -24.720184
1775  -32.168438
1780  -30.001392
1785  -34.350277
1790  -37.269695
1795  -33.74054
1800  -91.50032
1805  -128.82129
1810  -174.1625
1815  -173.77884
1820  -177.65036
1825  -172.64792
1830  -172.15337
1835  -171.34723
1840  -148.07875
1845  -152.43282
1850  -171.58395
1855  -171.60829
1860  -172.25742
1865  -172.66933
1870  -172.03384
1875  -171.76637
1880  -133.46667
1885  -143.29785
1890  -170.5237
1895  -171.29001
1900  -170.34843
1905  -170.61023
1910  -168.45297
1915  -167.6366
1920  -158.4335
1925  -143.12488
1930  -169.6749
1935  -168.05354
1940  -167.9253
1945  -167.11427
1950  -165.91179
1955  -164.74246
1960  -184.73474
1965  -143.78493
1970  -166.69028
1975  -164.43532
1980  -167.21268
1985  -165.85168
1990  -164.5458
1995  -164.23613
2000  -153.14742
2005  -155.27153
2010  -168.01701
2015  -167.22746
2020  -169.90065
2025  -167.22797
2030  -166.38521
2035  -164.76251
2040  -170.42947
2045  -168.64584
2050  -167.37418
2055  -160.31055
2060  -166.64981
2065  -165.99951
2070  -164.52298
2075  -168.80927
2080  -170.10733
2085  -171.62723
2090  -117.34468
2095  -168.19417
2100  -168.40552
2105  -169.46951
2110  -167.89487
2115  -166.02774
2120  -148.28342
2125  -164.66284
2130  -175.04123
2135  -164.4321
2140  -162.72731
2145  -105.1699
2150  -105.52815
2155  -104.753494
2160  -105.264244
2165  -103.907265
2170  -103.59746
2175  -104.60803
2180  -105.12064
2185  -104.7334
2190  -105.26675
2195  -104.76839
2200  -104.14299
2205  -104.22691
2210  -104.04729
2215  -105.04252
2220  -105.96608
2225  -110.508224
2230  -106.027466
2235  -110.98161
2240  -104.59696
2245  -104.96199
2250  -104.65666
2255  -123.9587
2260  -112.54942
2265  -125.24443
2270  -111.55913
2275  -115.88438
2280  -105.2323
2285  -103.91345
2290  -105.12395
2295  -105.446045
2300  -111.27698
2305  -123.9009
2310  -116.81515
2315  -111.610146
2320  -104.123146
2325  -103.947044
2330  -104.53739
2335  -110.85332
2340  -104.8787
2345  -106.07501
2350  -110.84688
2355  -117.091576
2360  -110.07426
2365  -104.52016
2370  -104.19963
2375  -103.59867
2380  -111.581406
2385  -117.778076
2390  -113.16753
2395  -118.07518
2400  -105.55461
2405  -103.86406
2410  -104.06891
2415  -104.57027
2420  -111.14015
2425  -116.16988
2430  -105.20372
2435  -105.15535
2440  -104.19265
2445  -103.95421
2450  -103.93046
2455  -103.90159
2460  -104.34204
2465  -104.779076
2470  -104.7251
2475  -105.61589
2480  -104.88499
2485  -104.21687
2490  -104.269516
2495  -103.612015
2500  -104.757706
2505  -104.8102
2510  -105.46124
2515  -105.108475
2520  -104.82178
2525  -103.89952
2530  -103.5854
2535  -103.90132
2540  -103.860596
2545  -105.545334
2550  -104.77999
2555  -104.809875
2560  -104.19875
2565  -103.899864
2570  -103.89724
2575  -103.90047
2580  -104.22042
2585  -104.81111
2590  -104.7547
2595  -104.69972
2600  -104.755775
2605  -104.56123
2610  -103.89958
2615  -104.28428
2620  -103.61163
2625  -104.88893
2630  -104.77177
2635  -105.188354
2640  -104.440575
2645  -104.533005
2650  -104.21818
2655  -104.21541
2660  -104.5328
2665  -104.338806
2670  -104.75331
2675  -105.18727
2680  -104.1508
2685  -104.58201
2690  -104.22174
2695  -103.92922
2700  -103.900345
2705  -104.11581
2710  -104.84198
2715  -104.75102
2720  -104.47013
2725  -104.21794
2730  -103.58164
2735  -104.242065
2740  -103.9265
2745  -104.149414
2750  -104.71694
2755  -104.64699
2760  -104.75256
2765  -104.533066
2770  -104.53558
2775  -104.27224
2780  -104.25682
2785  -103.612206
2790  -104.80851
2795  -104.7787
2800  -104.44041
2805  -104.24248
2810  -104.25598
2815  -104.88963
2820  -104.218544
2825  -104.85164
2830  -104.586754
2835  -104.8073
2840  -104.46565
2845  -104.853966
2850  -104.21604
2855  -104.53483
2860  -104.53579
2865  -103.901566
2870  -104.27975
2875  -104.75594
2880  -104.09746
2885  -103.99376
2890  -104.53408
2895  -103.928505
2900  -104.24142
2905  -103.899864
2910  -104.69137
2915  -105.50095
2920  -104.81877
2925  -104.21599
2930  -104.22035
2935  -104.21236
2940  -104.21818
2945  -104.25049
2950  -104.786705
2955  -104.81075
2960  -104.120605
2965  -103.902794
2970  -103.89894
2975  -104.24304
2980  -103.6131
2985  -103.92815
2990  -103.92976
2995  -104.781845
3000  -104.480545
3005  -103.63948
3010  -103.901306
3015  -104.531715
3020  -103.899704
3025  -104.53395
3030  -104.581726
3035  -104.50564
3040  -104.18148
3045  -104.24309
3050  -104.25529
3055  -104.53322
3060  -104.245926
3065  -104.534805
3070  -104.27061
3075  -104.28259
3080  -104.17615
3085  -103.583885
3090  -104.212234
3095  -104.282425
3100  -104.2183
3105  -104.21242
3110  -103.92908
3115  -104.05709
3120  -104.15189
3125  -103.8975
3130  -104.217636
3135  -103.8999
3140  -103.5848
3145  -104.52966
3150  -103.58346
3155  -104.09725
3160  -104.127785
3165  -104.24553
3170  -103.61322
3175  -103.89707
3180  -104.56321
3185  -104.53282
3190  -104.21983
3195  -103.63733
3200  -104.75694
3205  -104.570816
3210  -103.89697
3215  -104.21448
3220  -103.583275
3225  -104.7386
3230  -103.60616
3235  -104.21605
3240  -104.91488
3245  -104.758446
3250  -105.16504
3255  -104.820755
3260  -105.17851
3265  -104.779785
3270  -105.52374
3275  -104.72601
3280  -104.97185
3285  -105.0354
3290  -104.75354
3295  -104.812096
3300  -105.5576
3305  -104.80591
3310  -104.78017
3315  -104.75441
3320  -104.95282
3325  -105.06932
3330  -105.932144
3335  -104.72904
3340  -105.222496
3345  -104.76137
3350  -105.0566
3355  -104.81549
3360  -104.689476
3365  -104.831055
3370  -104.762634
3375  -104.72566
3380  -104.77451
3385  -104.75694
3390  -105.21736
3395  -105.5874
3400  -104.49082
3405  -105.318016
3410  -104.73979
3415  -105.09011
3420  -104.81023
3425  -104.95892
3430  -104.72534
3435  -104.80955
3440  -104.15309
3445  -105.03064
3450  -104.69767
3455  -105.139725
3460  -104.78467
3465  -104.69932
3470  -104.78361
3475  -104.69887
3480  -104.12306
3485  -104.59967
3490  -104.69875
3495  -105.03867
3500  -104.758865
3505  -105.96671
3510  -104.75227
3515  -105.95717
3520  -104.14992
3525  -104.666885
3530  -104.75566
3535  -104.81006
3540  -104.65359
3545  -104.83461
3550  -105.13297
3555  -104.698265
3560  -104.47042
3565  -103.834145
3570  -104.7807
3575  -104.75327
3580  -104.64708
3585  -104.65238
3590  -104.674545
3595  -104.78361
3600  -104.15364
3605  -103.897316
3610  -104.751526
3615  -105.038185
3620  -105.10445
3625  -104.778915
3630  -105.138855
3635  -104.78276
3640  -104.152855
3645  -103.8947
3650  -104.560814
3655  -105.59829
3660  -104.72746
3665  -104.72551
3670  -104.84062
3675  -104.725296
3680  -104.14966
3685  -104.5641
3690  -104.28046
3695  -104.81118
3700  -104.701515
3705  -104.81207
3710  -105.13534
3715  -105.162575
3720  -104.15187
3725  -104.887024
3730  -104.76705
3735  -105.13713
3740  -110.60793
3745  -104.76369
3750  -105.90385
3755  -104.660194
3760  -104.781555
3765  -104.24272
3770  -103.83569
3775  -104.757164
3780  -104.778465
3785  -105.45445
3790  -105.52982
3795  -105.19364
3800  -104.600296
3805  -104.21659
3810  -104.21505
3815  -104.81561
3820  -104.730484
3825  -104.837746
3830  -104.67521
3835  -104.780495
3840  -104.506874
3845  -104.208786
3850  -104.22081
3855  -105.09569
3860  -104.64699
3865  -104.84666
3870  -105.05263
3875  -104.75551
3880  -104.20858
3885  -103.63686
3890  -103.93174
3895  -104.54741
3900  -105.10985
3905  -104.63767
3910  -104.82517
3915  -104.783615
3920  -104.126
3925  -104.20225
3930  -104.57019
3935  -104.6901
3940  -105.20955
3945  -104.67112
3950  -104.703896
3955  -104.781204
3960  -104.503845
3965  -104.52647
3970  -103.89492
3975  -111.41777
3980  -110.37405
3985  -104.82656
3990  -105.06831
3995  -105.58512
4000  -104.79004
4005  -103.61304
4010  -103.92639
4015  -103.8975
4020  -105.04834
4025  -105.33052
4030  -106.00234
4035  -105.197716
4040  -104.46438
4045  -104.21948
4050  -103.90273
4055  -103.52714
4060  -105.20681
4065  -105.50796
4070  -110.73009
4075  -104.780106
4080  -104.180016
4085  -103.682655
4090  -103.92434
4095  -104.21621
4100  -104.22601
4105  -105.3361
4110  -104.67068
4115  -104.777466
4120  -103.83097
4125  -103.901024
4130  -103.89925
4135  -104.24437
4140  -104.02152
4145  -104.78865
4150  -104.763916
4155  -110.608665
4160  -103.77478
4165  -104.221436
4170  -104.53219
4175  -104.53215
4180  -104.06655
4185  -104.78129
4190  -104.75136
4195  -104.672775
4200  -104.154396
4205  -103.92763
4210  -103.61111
4215  -104.53499
4220  -104.53436
4225  -104.76333
4230  -104.78091
4235  -104.72644
4240  -104.75391
4245  -104.57222
4250  -103.930786
4255  -103.89931
4260  -103.92926
4265  -104.820175
4270  -104.808716
4275  -104.73091
4280  -104.46964
4285  -103.938156
4290  -103.898254
4295  -103.57975
4300  -104.21598
4305  -104.62268
4310  -104.784134
4315  -105.10846
4320  -104.49512
4325  -103.61403
4330  -104.212814
4335  -104.534386
4340  -104.53381
4345  -105.09391
4350  -104.78102
4355  -104.81016
4360  -104.125015
4365  -104.5615
4370  -103.92867
4375  -103.58595
4380  -103.90129
4385  -104.17985
4390  -104.7585
4395  -105.52273
4400  -104.14897
4405  -104.21562
4410  -104.85341
4415  -103.60773
4420  -104.56081
4425  -104.21957
4430  -104.78593
4435  -105.10862
4440  -104.46812
4445  -103.90006
4450  -103.580765
4455  -104.53475
4460  -104.53517
4465  -103.89667
4470  -104.55078
4475  -105.196556
4480  -104.46578
4485  -103.90116
4490  -105.25597
4495  -104.89689
4500  -103.93807
4505  -103.90145
4510  -104.336266
4515  -111.25796
4520  -104.12422
4525  -103.9294
4530  -103.929245
4535  -103.58347
4540  -103.89795
4545  -104.53308
4550  -105.20735
4555  -104.99599
4560  -104.12561
4565  -104.53457
4570  -103.63766
4575  -104.84961
4580  -104.217
4585  -104.21715
4590  -103.8041
4595  -104.699936
4600  -103.86062
4605  -104.531715
4610  -103.89946
4615  -104.2161
4620  -103.95592
4625  -103.896835
4630  -104.256615
4635  -105.05833
4640  -103.834045
4645  -104.24699
4650  -103.58164
4655  -103.90413
4660  -104.24251
4665  -103.901146
4670  -104.21787
4675  -104.949814
4680  -104.14595
4685  -104.2159
4690  -104.570656
4695  -104.27411
4700  -103.897385
4705  -104.530716
4710  -104.53563
4715  -104.33537
4720  -104.78587
4725  -103.90465
4730  -103.89624
4735  -103.925125
4740  -103.58537
4745  -103.61476
4750  -104.53556
4755  -104.78868
4760  -104.12406
4765  -104.115555
4770  -105.753456
4775  -104.96077
4780  -104.37959
4785  -104.40759
4790  -105.94295
4795  -105.54451
4800  -107.531296
4805  -106.53129
4810  -108.10941
4815  -107.24846
4820  -106.19716
4825  -106.19199
4830  -104.79552
4835  -105.106705
4840  -105.105125
4845  -104.72964
4850  -105.71086
4855  -105.7864
4860  -106.93136
4865  -104.45366
4870  -106.64524
4875  -104.024376
4880  -105.9963
4885  -105.90426
4890  -118.816734
4895  -119.07617
4900  -125.283646
4905  -124.60966
4910  -115.50397
4915  -130.36423
4920  -129.75818
4925  -132.71921
4930  -134.72493
4935  -126.18407
4940  -129.89127
4945  -112.24597
4950  -124.434265
4955  -127.935524
4960  -131.12396
4965  -131.73581
4970  -126.386375
4975  -125.70847
4980  -113.448746
4985  -113.73147
4990  -117.56114
4995  -118.14244
5000  -120.76416
5005  -121.46608
5010  -113.482765
5015  -115.17629
5020  -114.22227
5025  -108.92326
5030  -114.895615
5035  -119.64534
5040  -121.07664
5045  -126.50614
5050  -114.866684
5055  -105.15702
5060  -115.123245
5065  -107.82548
5070  -108.26543
5075  -107.33596
5080  -106.288315
5085  -108.35176
5090  -106.88127
5095  -116.58596
5100  -120.22815
5105  -107.30924
5110  -127.27034
5115  -124.80552
5120  -117.16398
5125  -121.54277
5130  -129.87732
5135  -126.201065
5140  -127.55359
5145  -128.21425
5150  -124.442795
5155  -124.17808
5160  -133.93715
5165  -115.78561
5170  -124.425095
5175  -118.2475
5180  -133.69098
5185  -139.33322
5190  -125.24263
5195  -128.15225
5200  -135.41772
5205  -129.72232
5210  -129.32468
5215  -124.87372
5220  -114.97237
5225  -106.07619
5230  -107.77681
5235  -107.16386
5240  -107.147415
5245  -113.349014
5250  -105.62224
5255  -106.998634
5260  -109.427414
5265  -106.037926
5270  -114.26658
5275  -111.8938
5280  -126.56305
5285  -121.41335
5290  -120.935486
5295  -119.54199
5300  -126.57532
5305  -112.639915
5310  -120.65608
5315  -123.22495
5320  -119.982704
5325  -114.072525
5330  -108.209656
5335  -108.38591
5340  -118.520035
5345  -114.06515
5350  -117.93144
5355  -107.94259
5360  -118.07406
5365  -108.10986
5370  -107.163956
5375  -112.38103
5380  -114.644165
5385  -117.23214
5390  -113.66508
5395  -106.35339
5400  -108.46366
5405  -105.874535
5410  -109.42271
5415  -112.22258
5420  -120.46521
5425  -114.077
5430  -116.64266
5435  -112.46147
5440  -110.13936
5445  -120.02704
5450  -105.79797
5455  -122.88275
5460  -121.63423
5465  -114.96814
5470  -116.72003
5475  -120.8531
5480  -105.532425
5485  -104.426865
5490  -104.71201
5495  -121.36391
5500  -125.346375
5505  -123.74033
5510  -125.080444
5515  -123.923325
5520  -121.759964
5525  -106.96745
5530  -113.07168
5535  -125.47819
5540  -125.47679
5545  -112.421364
5550  -115.85496
5555  -120.20487
5560  -111.80855
5565  -105.74001
5570  -119.50026
5575  -118.31724
5580  -127.95213
5585  -132.23715
5590  -126.899826
5595  -126.32214
5600  -116.337585
5605  -116.32442
5610  -119.97501
5615  -124.17643
5620  -128.03464
5625  -131.86967
5630  -125.51192
5635  -133.60588
5640  -122.40364
5645  -134.07224
5650  -106.89486
5655  -118.870895
5660  -125.36122
5665  -130.049
5670  -127.71731
5675  -122.79604
5680  -126.74687
5685  -122.1536
5690  -114.309204
5695  -125.90105
5700  -130.38675
5705  -130.86751
5710  -124.78066
5715  -130.23177
5720  -124.190506
5725  -125.00215
5730  -117.73899
5735  -106.455826
5740  -125.03876
5745  -124.09712
5750  -122.28506
5755  -125.50098
5760  -122.58773
5765  -119.77136
5770  -122.74107
5775  -124.06465
5780  -126.093445
5785  -121.88512
5790  -121.20848
5795  -124.7645
5800  -117.11336
5805  -124.24314
5810  -124.44304
5815  -111.90991
5820  -117.26875
5825  -121.70829
5830  -116.5834
5835  -117.25452
5840  -118.12095
5845  -111.66836
5850  -107.7158
5855  -111.23125
5860  -123.232704
5865  -118.59137
5870  -110.8871
5875  -118.29689
5880  -117.9446
5885  -116.401634
5890  -107.751144
5895  -107.69991
5900  -112.142654
5905  -123.2479
5910  -123.4427
5915  -118.28174
5920  -117.49837
5925  -113.27728
5930  -117.366806
5935  -112.26036
5940  -111.76576
5945  -120.13664
5950  -108.47235
5955  -125.01735
5960  -112.236404
5965  -119.340256
5970  -107.16321
5975  -116.545944
5980  -118.30693
5985  -108.767746
5990  -107.6135
5995  -116.91614
6000  -111.26188
6005  -111.39681
6010  -107.85171
6015  -118.29751
6020  -110.389145
6025  -124.16893
6030  -123.433876
6035  -106.01842
6040  -104.64547
6045  -103.92613
6050  -111.35158
6055  -104.496254
6060  -105.42654
6065  -106.90444
6070  -115.637405
6075  -116.74021
6080  -108.90242
6085  -104.20824
6090  -104.821
6095  -104.68581
6100  -104.20787
6105  -105.1907
6110  -111.01432
6115  -114.02278
6120  -105.96969
6125  -105.40298
6130  -105.34772
6135  -106.06972
6140  -107.20146
6145  -104.942726
6150  -112.34202
6155  -117.23279
6160  -105.16653
6165  -104.778336
6170  -105.69851
6175  -110.33789
6180  -105.62456
6185  -105.10423
6190  -115.0922
6195  -107.8365
6200  -108.81915
6205  -105.26164
6210  -105.362045
6215  -104.45331
6220  -104.31582
6225  -110.69222
6230  -115.72633
6235  -132.46954
6240  -112.615845
6245  -114.67297
6250  -107.80691
6255  -108.816574
6260  -109.48789
6265  -108.99391
6270  -109.494064
6275  -108.82558
6280  -110.17061
6285  -109.737015
6290  -108.36758
6295  -109.33523
6300  -109.24973
6305  -109.858376
6310  -109.83502
6315  -109.79173
6320  -109.19932
6325  -109.75852
6330  -109.4266
6335  -109.745995
6340  -109.87108
6345  -108.960304
6350  -109.81783
6355  -108.48635
6360  -111.07593
6365  -111.413475
6370  -110.77165
6375  -114.1759
6380  -109.72963
6385  -108.862816
6390  -109.81569
6395  -114.122215
6400  -113.7759
6405  -111.05896
6410  -110.754196
6415  -110.83568
6420  -114.33263
6425  -110.634415
6430  -115.76033
6435  -109.5226
6440  -108.551834
6445  -110.28218
6450  -109.591354
6455  -110.6015
6460  -110.84867
6465  -109.79762
6470  -108.6777
6475  -109.058716
6480  -109.576866
6485  -110.194275
6490  -108.6896
6495  -109.71803
6500  -113.9493
6505  -109.6328
6510  -109.66148
6515  -109.08518
6520  -109.1381
6525  -109.3466
6530  -109.21385
6535  -114.38367
6540  -108.794044
6545  -109.426735
6550  -109.210045
6555  -110.24062
6560  -109.54224
6565  -109.21393
6570  -109.05159
6575  -109.417404
6580  -113.38023
6585  -109.24022
6590  -108.981125
6595  -114.91858
6600  -109.30629
6605  -108.19834
6610  -108.75787
6615  -109.21732
6620  -109.054794
6625  -108.77998
6630  -109.8206
6635  -109.35582
6640  -109.104935
6645  -109.17998
6650  -119.10571
6655  -110.10679
6660  -110.71688
6665  -118.565025
6670  -119.147545
6675  -110.52489
6680  -111.272255
6685  -121.49143
6690  -115.8999
6695  -114.09332
6700  -116.78406
6705  -114.176735
6710  -113.750656
6715  -113.87483
6720  -118.83818
6725  -114.23844
6730  -123.21864
6735  -110.32518
6740  -108.42859
6745  -110.106285
6750  -110.15281
6755  -114.92448
6760  -114.45608
6765  -111.77427
6770  -109.412
6775  -115.628296
6780  -113.34929
6785  -116.79563
6790  -112.70097
6795  -117.12643
6800  -119.75922
6805  -115.76919
6810  -120.70476
6815  -123.8774
6820  -122.95469
6825  -126.234146
6830  -124.9302
6835  -118.5024
6840  -111.05855
6845  -115.869705
6850  -110.52628
6855  -119.35713
6860  -110.126915
6865  -110.73607
6870  -115.01151
6875  -123.958496
6880  -113.88722
6885  -110.05082
6890  -110.277466
6895  -113.66988
6900  -119.14296
6905  -117.92491
6910  -121.58987
6915  -117.82515
6920  -114.08952
6925  -110.257286
6930  -109.987404
6935  -111.846924
6940  -110.297745
6945  -114.570335
6950  -110.660385
6955  -110.780075
6960  -115.48924
6965  -113.75533
6970  -109.93132
6975  -114.96981
6980  -122.058
6985  -113.83826
6990  -121.17534
6995  -111.85286
7000  -120.24081
7005  -116.03467
7010  -116.303696
7015  -127.55757
7020  -118.00425
7025  -114.06173
7030  -126.039406
7035  -115.25822
7040  -125.293335
7045  -118.62189
7050  -114.838455
7055  -107.678955
7060  -118.77161
7065  -118.41052
7070  -115.02336
7075  -119.13808
7080  -114.20488
7085  -123.19466
7090  -116.63652
7095  -123.912796
7100  -116.73051
7105  -110.69385
7110  -119.1075
7115  -118.85984
7120  -115.1909
7125  -125.804344
7130  -119.82674
7135  -123.33042
7140  -123.43839
7145  -127.16709
7150  -117.519264
7155  -121.01754
7160  -122.53507
7165  -123.56616
7170  -116.767746
7175  -116.38704
7180  -126.03121
7185  -129.3179
7190  -134.93114
7195  -112.41968
7200  -119.96051
7205  -126.1907
7210  -125.47612
7215  -121.32821
7220  -123.65767
7225  -123.97864
7230  -120.95476
7235  -123.44238
7240  -125.940575
7245  -117.43095
7250  -121.36147
7255  -117.84395
7260  -117.18463
7265  -126.63766
7270  -120.72974
7275  -118.157936
7280  -122.83561
7285  -109.78074
7290  -120.17615
7295  -116.88432
7300  -123.56157
7305  -128.34543
7310  -110.16288
7315  -108.42821
7320  -110.50742
7325  -112.25442
7330  -109.628075
7335  -116.211754
7340  -115.03658
7345  -108.98531
7350  -111.256775
7355  -108.950455
7360  -109.4718
7365  -115.491165
7370  -108.68065
7375  -109.60518
7380  -114.98904
7385  -113.73849
7390  -113.47793
7395  -111.83467
7400  -113.38597
7405  -109.501625
7410  -108.9319
7415  -110.40538
7420  -108.716515
7425  -114.97662
7430  -113.22622
7435  -107.90592
7440  -110.93718
7445  -109.7485
7450  -109.27329
7455  -112.8821
7460  -113.55632
7465  -109.15056
7470  -114.43119
7475  -117.807724
7480  -113.74204
7485  -109.32906
7490  -112.14327
7495  -113.671364
7500  -109.92244
7505  -114.84634
7510  -121.282814
7515  -138.57706
7520  -121.01585
7525  -123.45583
7530  -123.07861
7535  -117.55107
7540  -108.806946
7545  -110.25834
7550  -112.59474
7555  -122.15652
7560  -118.250084
7565  -108.55382
7570  -120.62209
7575  -108.142456
7580  -113.70231
7585  -120.57393
7590  -114.202965
7595  -110.378395
7600  -115.22921
7605  -109.10881
7610  -108.43274
7615  -109.23573
7620  -120.89354
7625  -120.64408
7630  -118.286766
7635  -123.70278
7640  -126.0437
7645  -129.04993
7650  -112.275894
7655  -122.38878
7660  -124.227905
7665  -120.69377
7670  -124.88374
7675  -125.60319
7680  -128.80339
7685  -117.33671
7690  -112.742294
7695  -118.77773
7700  -129.10712
7705  -121.775635
7710  -125.90332
7715  -135.06816
7720  -114.1404
7725  -113.12325
7730  -113.7642
7735  -116.53987
7740  -122.903366
7745  -127.79038
7750  -113.1071
7755  -108.7244
7760  -118.82505
7765  -127.27484
7770  -113.888916
7775  -116.251785
7780  -122.00313
7785  -113.67796
7790  -119.67778
7795  -128.9854
7800  -123.71533
7805  -118.68367
7810  -119.35896
7815  -114.95079
7820  -126.85106
7825  -121.80131
7830  -109.02218
7835  -119.30377
7840  -108.11389
7845  -112.575806
7850  -107.830734
7855  -112.42686
7860  -107.72762
7865  -113.10515
7870  -118.569016
7875  -119.843056
7880  -118.35781
7885  -113.6888
7890  -108.46394
7895  -105.45335
7900  -118.48181
7905  -108.16052
7910  -108.05066
7915  -114.75155
7920  -114.796555
7925  -119.77667
7930  -114.51672
7935  -108.22512
7940  -107.53867
7945  -113.644394
7950  -106.95427
7955  -109.17302
7960  -113.43125
7965  -111.23181
7970  -108.287254
7975  -108.304504
7980  -107.637436
7985  -105.68069
7990  -106.315796
7995  -113.91768
8000  -115.064224
8005  -112.60201
8010  -120.698524
8015  -114.64402
8020  -119.967514
8025  -107.392235
8030  -106.93148
8035  -119.78267
8040  -132.24904
8045  -113.87095
8050  -107.2761
8055  -114.08718
8060  -112.07088
8065  -113.170334
8070  -111.76968
8075  -114.79917
8080  -106.8832
8085  -110.816505
8090  -105.390945
8095  -104.26918
8100  -104.43142
8105  -112.07019
8110  -105.964905
8115  -112.64693
8120  -112.17317
8125  -107.47168
8130  -118.57654
8135  -107.89803
8140  -109.67485
8145  -113.400345
8150  -112.70433
8155  -113.05675
8160  -116.61057
8165  -121.682724
8170  -129.17392
8175  -126.52748
8180  -118.9624
8185  -129.87714
8190  -126.40338
8195  -130.65987
8200  -106.7324
8205  -108.90169
8210  -121.83
8215  -120.10557
8220  -111.5719
8225  -116.53513
8230  -114.92061
8235  -123.2206
8240  -115.99034
8245  -118.332664
8250  -122.439514
8255  -132.27206
8260  -118.48651
8265  -113.2208
8270  -121.94881
8275  -112.62337
8280  -112.22887
8285  -127.79341
8290  -125.90788
8295  -119.60034
8300  -121.26377
8305  -112.30656
8310  -125.07277
8315  -121.56218
8320  -117.28322
8325  -122.49387
8330  -119.857605
8335  -121.35957
8340  -117.30155
8345  -118.802124
8350  -130.48671
8355  -124.666504
8360  -121.783104
8365  -113.14021
8370  -113.84804
8375  -112.49721
8380  -121.901566
8385  -114.14701
8390  -126.60447
8395  -124.36357
8400  -114.0272
8405  -124.32731
8410  -121.74272
8415  -124.14964
8420  -110.99508
8425  -113.09208
8430  -106.21614
8435  -121.37959
8440  -108.226135
8445  -114.75869
8450  -108.07554
8455  -121.3727
8460  -118.52566
8465  -118.682236
8470  -119.13084
8475  -119.69712
8480  -121.70547
8485  -111.0836
8490  -113.99227
8495  -117.95683
8500  -117.5354
8505  -113.71665
8510  -108.67495
8515  -113.16543
8520  -108.67308
8525  -112.30637
8530  -108.27606
8535  -115.7559
8540  -116.90765
8545  -121.98977
8550  -119.20841
8555  -107.90328
8560  -119.801414
8565  -118.06975
8570  -116.4221
8575  -108.22195
8580  -117.14844
8585  -111.63623
8590  -120.666336
8595  -123.519554
8600  -118.31946
8605  -125.53761
8610  -121.60026
8615  -114.44419
8620  -119.043564
8625  -109.01044
8630  -119.53738
8635  -128.11038
8640  -115.83301
8645  -108.02529
8650  -112.983864
8655  -118.871544
8660  -112.93009
8665  -113.81106
8670  -118.892395
8675  -113.0118
8680  -112.78284
8685  -118.67362
8690  -114.017944
8695  -111.45717
8700  -118.58451
8705  -118.07267
8710  -108.3918
8715  -110.920715
8720  -116.43669
8725  -109.1406
8730  -107.59221
8735  -114.233665
8740  -113.794815
8745  -117.60246
8750  -112.561035
8755  -114.5298
8760  -125.44008
8765  -107.39773
8770  -105.87771
8775  -107.208786
8780  -121.54692
8785  -113.34563
8790  -123.716324
8795  -125.97577
8800  -123.3076
8805  -106.93465
8810  -108.07573
8815  -118.06602
8820  -113.632835
8825  -121.03108
8830  -124.42711
8835  -113.06604
8840  -112.525894
8845  -112.55476
8850  -109.00975
8855  -108.11101
8860  -111.33134
8865  -118.20125
8870  -117.28817
8875  -112.66329
8880  -106.80324
8885  -106.48147
8890  -113.68486
8895  -114.75899
8900  -118.722
8905  -109.12335
8910  -126.673485
8915  -118.94885
8920  -112.67275
8925  -111.38487
8930  -125.45115
8935  -119.75991
8940  -107.580154
8945  -107.57799
8950  -116.63817
8955  -125.39815
8960  -106.24605
8965  -106.50568
8970  -106.15343
8975  -107.653404
8980  -107.59109
8985  -113.41823
8990  -112.62058
8995  -115.14579
9000  -108.010704
9005  -108.56044
9010  -107.034706
9015  -112.9682
9020  -120.42723
9025  -108.793175
9030  -107.33368
9035  -107.72203
9040  -113.330284
9045  -106.95747
9050  -118.75018
9055  -113.45178
9060  -111.98253
9065  -123.97324
9070  -114.11025
9075  -113.001
9080  -112.582016
9085  -125.119125
9090  -119.643005
9095  -112.73727
9100  -108.25777
9105  -112.2015
9110  -107.81771
9115  -115.51045
9120  -113.464195
9125  -121.34456
9130  -119.71291
9135  -121.10338
9140  -118.690674
9145  -122.776634
9150  -117.12289
9155  -105.96806
9160  -111.969864
9165  -112.68445
9170  -107.01321
9175  -118.09407
9180  -120.52968
9185  -115.161606
9190  -112.76743
9195  -113.958595
9200  -111.0529
9205  -115.62616
9210  -107.647194
9215  -112.59688
9220  -113.430664
9225  -109.01045
9230  -117.8548
9235  -115.0034
9240  -115.35744
9245  -112.69955
9250  -111.5604
9255  -108.015945
9260  -120.17766
9265  -125.41624
9270  -111.722755
9275  -121.4565
9280  -113.15788
9285  -121.19277
9290  -112.810196
9295  -112.76621
9300  -106.63985
9305  -117.76274
9310  -116.913734
9315  -132.00414
9320  -122.08402
9325  -111.97899
9330  -124.66286
9335  -108.0392
9340  -119.87527
9345  -112.71504
9350  -106.5461
9355  -112.316605
9360  -114.41553
9365  -107.23429
9370  -106.36937
9375  -106.86825
9380  -115.21138
9385  -112.687904
9390  -112.56425
9395  -107.36068
9400  -106.688255
9405  -116.29634
9410  -114.09011
9415  -105.972824
9420  -106.8879
9425  -107.23372
9430  -107.63773
9435  -108.00124
9440  -106.59121
9445  -108.30469
9450  -120.78202
9455  -107.66339
9460  -106.39632
9465  -122.53917
9470  -114.356544
9475  -105.14435
9480  -109.02367
9485  -106.21022
9490  -113.40877
9495  -112.84658
9500  -118.2725
9505  -115.36931
9510  -107.264694
9515  -107.78145
9520  -104.72255
9525  -106.28715
9530  -106.24229
9535  -106.45619
9540  -107.68217
9545  -106.19591
9550  -106.77684
9555  -107.28162
9560  -107.36483
9565  -120.591934
9570  -106.44774
9575  -112.54112
9580  -112.38003
9585  -113.113785
9590  -122.5154
9595  -114.26143
9600  -119.018936
9605  -107.38463
9610  -107.84206
9615  -126.46043
9620  -126.318016
9625  -112.70394
9630  -107.00757
9635  -107.02312
9640  -105.97905
9645  -117.96675
9650  -119.10649
9655  -113.232956
9660  -117.217224
9665  -111.81704
9670  -107.14573
9675  -108.29454
9680  -106.42107
9685  -119.09479
9690  -109.935036
9695  -112.345566
9700  -120.31647
9705  -111.791824
9710  -117.953964
9715  -118.142105
9720  -117.65425
9725  -107.35857
9730  -133.0738
9735  -118.32478
9740  -110.970055
9745  -128.59814
9750  -118.19401
9755  -117.71541
9760  -125.704895
9765  -113.83809
9770  -116.70516
9775  -111.347534
9780  -111.64469
9785  -121.923416
9790  -118.749985
9795  -112.86631
9800  -113.08058
9805  -114.18071
9810  -112.39787
9815  -111.47713
9820  -118.41138
9825  -107.59084
9830  -107.86428
9835  -107.53928
9840  -107.02513
9845  -107.72644
9850  -111.911644
9855  -108.09334
9860  -112.19231
9865  -111.9386
9870  -115.79602
9875  -114.37001
9880  -113.40083
9885  -107.76593
9890  -113.28252
9895  -108.95707
9900  -119.1201
9905  -116.49007
9910  -117.22886
9915  -113.41771
9920  -117.68724
9925  -106.77284
9930  -108.22829
9935  -107.755936
9940  -116.09296
9945  -111.761986
9950  -111.53764
9955  -113.46956
9960  -107.75191
9965  -107.29037
9970  -113.349365
9975  -106.64506
9980  -119.196815
9985  -111.94116
9990  -108.61446
9995  -107.92322
10000  -113.86693
10005  -107.229904
10010  -107.92981
10015  -107.376976
10020  -109.37974
10025  -114.2604
10030  -108.41637
10035  -109.14614
10040  -113.989456
10045  -112.896194
10050  -112.423325
10055  -113.23037
10060  -123.18495
10065  -111.84419
10070  -105.981224
10075  -112.350174
10080  -106.449585
10085  -106.29521
10090  -106.940506
10095  -106.66199
10100  -112.817444
10105  -107.23024
10110  -111.52649
10115  -106.17704
10120  -114.021645
10125  -113.218666
10130  -112.39943
10135  -112.3984
10140  -114.535034
10145  -107.73738
10150  -111.65023
10155  -113.71902
10160  -110.447495
10165  -107.66345
10170  -112.49785
10175  -120.26316
10180  -107.69967
10185  -117.46592
10190  -115.92204
10195  -108.35901
10200  -107.55443
10205  -109.60232
10210  -108.93325
10215  -108.94495
10220  -108.98293
10225  -107.635216
10230  -108.231766
10235  -106.10008
10240  -107.95345
10245  -108.4171
10250  -107.2755
10255  -112.81453
10260  -106.854004
10265  -112.2032
10270  -107.80867
10275  -107.93352
10280  -108.48999
10285  -113.0214
10290  -114.984985
10295  -108.186844
10300  -107.76491
10305  -111.82355
10310  -107.326805
10315  -107.26848
10320  -114.94098
10325  -108.84599
10330  -107.5172
10335  -106.86015
10340  -107.76222
10345  -108.04671
10350  -115.07976
10355  -116.14805
10360  -108.45845
10365  -118.06952
10370  -109.70039
10375  -112.11211
10380  -119.53349
10385  -107.55459
10390  -110.04319
10395  -108.27281
10400  -108.89122
10405  -115.99321
10410  -111.33972
10415  -118.9798
10420  -110.71316
10425  -119.41487
10430  -135.31253
10435  -129.66637
10440  -111.201965
10445  -113.36556
10450  -114.68459
10455  -128.02527
10460  -143.26227
10465  -123.56313
10470  -145.3409
10475  -143.5608
10480  -151.87161
10485  -154.26999
10490  -149.80437
10495  -141.26105
10500  -137.11613
10505  -128.43193
10510  -135.32922
10515  -128.97209
10520  -128.95468
10525  -122.1558
10530  -125.1813
10535  -125.83702
10540  -129.67616
10545  -117.76408
10550  -139.44426
10555  -136.53458
10560  -136.57114
10565  -127.987015
10570  -118.14459
10575  -132.4485
10580  -127.21995
10585  -134.9523
10590  -142.87025
10595  -136.73453
10600  -136.40002
10605  -127.770485
10610  -117.01793
10615  -114.91353
10620  -129.58255
10625  -132.26337
10630  -133.9761
10635  -132.71394
10640  -126.19395
10645  -106.93801
10650  -111.63125
10655  -110.58114
10660  -111.79663
10665  -118.352394
10670  -106.73616
10675  -114.16483
10680  -114.30908
10685  -126.611435
10690  -101.44006
10695  -101.74843
10700  -98.13359
10705  -114.81329
10710  -111.84633
10715  -118.89331
10720  -108.92235
10725  -90.94644
10730  -95.0443
10735  -77.76426
10740  -85.5692
10745  -91.89637
10750  -88.347084
10755  -84.33313
10760  -67.34919
10765  -65.87312
10770  -57.757915
10775  -60.596172
10780  -58.851715
10785  -54.02834
10790  -54.586525
10795  -78.02712
10800  -48.03636
10805  -46.66169
10810  -44.81611
10815  -44.41286
10820  -76.827614
10825  -54.282116
10830  -53.560863
10835  -49.764996
10840  -45.482838
10845  -80.2518
10850  -46.547764
10855  -48.898632
10860  -51.259747
10865  -62.94411
10870  -83.04755
10875  -89.346565
10880  -76.73403
10885  -71.94627
10890  -67.436165
10895  -89.81926
10900  -90.179245
10905  -79.10905
10910  -77.937035
10915  -71.78163
10920  -66.17297
10925  -76.81557
10930  -78.78081
10935  -70.06321
10940  -81.01995
10945  -75.69382
10950  -78.75224
10955  -74.937355
10960  -87.279396
10965  -77.918106
10970  -62.535835
10975  -56.17807
10980  -59.13957
10985  -66.04614
10990  -70.09569
10995  -65.2116
11000  -66.82173
11005  -75.82088
11010  -62.888832
11015  -50.48153
11020  -78.85826
11025  -40.912666
11030  -45.103466
11035  -50.326218
11040  -34.87713
11045  -49.505886
11050  -33.83256
11055  -39.848534
11060  -36.701397
11065  -23.586758
11070  -30.322245
11075  -40.754913
11080  -17.574583
11085  -43.258858
11090  -20.19889
11095  -17.097029
11100  -18.921625
11105  -16.243763
11110  -15.049797
11115  -36.232338
11120  -33.739983
11125  -34.831078
11130  -10.596124
11135  -10.57547
11140  -31.7401
11145  -19.11488
11150  -33.09503
11155  -11.196179
11160  -33.89609
11165  -37.6371
11170  -14.952215
11175  -15.415131
11180  -22.17057
11185  -11.082077
11190  -18.201603
11195  -24.580795
11200  -10.223993
11205  -3.7580993
11210  -32.609535
11215  -48.923313
11220  -31.387945
11225  -26.017832
11230  -11.112419
11235  -23.435276
11240  -25.982168
11245  -13.780252
11250  -11.0002
11255  -9.640505
11260  -13.882276
11265  -12.540522
11270  -17.533545
11275  -7.6501985
11280  -27.873587
11285  -26.215687
11290  -72.111374
11295  -68.75386
11300  -126.43117
11305  -122.70215
11310  -125.02956
11315  -126.99036
11320  -124.70821
11325  -124.70691
11330  -124.83812
11335  -124.63938
11340  -124.88478
11345  -125.11102
11350  -125.557144
11355  -125.52043
11360  -123.91502
11365  -125.44224
11370  -125.19142
11375  -125.15786
11380  -125.41853
11385  -124.77871
11390  -125.52284
11395  -125.482315
11400  -98.76626
11405  -125.431946
11410  -124.18596
11415  -125.31547
11420  -125.21432
11425  -125.01807
11430  -125.42717
11435  -125.09273
11440  -123.35903
11445  -93.886246
11450  -97.1482
11455  -122.123215
11460  -120.23677
11465  -121.65755
11470  -67.148285
11475  -98.3831
11480  -96.006836
11485  -71.50351
11490  -94.266525
11495  -99.2126
11500  -95.04217
11505  -97.352615
11510  -43.384644
11515  -43.585064
11520  -123.80271
11525  -56.47753
11530  -47.793316
11535  -72.419716
11540  -101.087746
11545  -59.457985
11550  -56.26168
11555  -43.622208
11560  -95.8678
11565  -75.702705
11570  -31.22727
11575  -75.43243
11580  -70.10323
11585  -17.848978
11590  -37.405094
11595  12.807806
11600  -100.50418
11605  -99.98051
11610  -17.780903
11615  2.2612884
11620  -80.56464
11625  3.7473202
11630  -57.623077
11635  -16.223515
11640  -96.71816
11645  -25.972204
11650  -25.355825
11655  -81.330505
11660  -36.65047
11665  -30.456915
11670  -21.641811
11675  -55.024303
11680  -74.749435
11685  -106.994064
11690  -53.180687
11695  -6.296193
11700  -22.261784
11705  -103.92214
11710  -47.938145
11715  -53.75608
11720  -52.724434
11725  -100.34432
11730  -19.199589
11735  -18.358974
11740  -18.462261
11745  -9.258975
11750  -18.751514
11755  -22.769032
11760  -103.91661
11765  -101.08644
11770  -51.96065
11775  -58.515106
11780  -42.727806
11785  -58.973827
11790  -2.1256955
11795  -49.089108
11800  -82.20542
11805  -101.72264
11810  -42.432636
11815  -49.14116
11820  -4.2038827
11825  -19.410782
11830  9.457033
11835  -2.5783522
11840  -83.58799
11845  -100.658035
11850  -43.438175
11855  6.374286
11860  1.7465137
11865  -23.719173
11870  -56.87309
11875  -35.716084
11880  -79.0316
11885  -127.31616
11890  -74.3795
11895  -1.3368864
11900  -39.081017
11905  -29.598492
11910  -15.577899
11915  4.360637
11920  -102.14272
11925  -125.26963
11930  -100.41003
11935  -26.138336
11940  -92.739494
11945  -47.37257
11950  -37.64727
11955  -38.63239
11960  -98.09694
11965  -125.05739
11970  -103.12474
11975  -121.59386
11980  -67.61772
11985  11.8775
11990  1.8988053
11995  -24.66601
12000  -98.05251
12005  -122.92503
12010  -124.852295
12015  -1.2570238
12020  -13.938108
12025  -48.603294
12030  -49.859867
12035  -46.639454
12040  -126.035866
12045  -124.0014
12050  -128.58667
12055  -46.789253
12060  5.526053
12065  0.6753565
12070  -2.088962
12075  -25.030672
12080  -123.971725
12085  -126.19517
12090  -127.493614
12095  -70.46854
12100  3.6446328
12105  -25.130533
12110  -16.904663
12115  9.337549
12120  -127.2254
12125  -124.23374
12130  -124.8376
12135  -98.72636
12140  -17.611322
12145  -53.042664
12150  -25.270414
12155  -11.878447
12160  -97.07543
12165  -127.00798
12170  -125.29645
12175  -105.55707
12180  8.1178055
12185  -1.7380472
12190  -8.479792
12195  -0.30722713
12200  -99.74179
12205  -125.22927
12210  -46.658745
12215  -107.02449
12220  -77.21624
12225  -71.99835
12230  -39.083214
12235  -34.94467
12240  -71.98921
12245  -103.06576
12250  -73.70019
12255  -44.721367
12260  -93.888275
12265  -52.897682
12270  -21.015877
12275  -80.605064
12280  -48.524727
12285  -54.690277
12290  -4.350462
12295  -76.57321
12300  -47.087646
12305  -37.58596
12310  -16.92512
12315  -40.581917
12320  -47.444435
12325  -21.0025
12330  -74.39529
12335  -39.753223
12340  -43.479034
12345  -40.843414
12350  -37.535713
12355  -44.958813
12360  -40.90857
12365  -49.66253
12370  -28.660358
12375  -15.265348
12380  -27.908564
12385  -37.108788
12390  -29.168854
12395  -67.66759
12400  -26.117712
12405  -26.361975
12410  -38.205624
12415  -33.565327
12420  -40.238247
12425  -32.587315
12430  -24.399876
12435  -35.196148
12440  -31.411346
12445  -40.333565
12450  -35.07452
12455  -30.295486
12460  -54.522053
12465  -38.5911
12470  -14.943832
12475  -19.724903
12480  -10.4956
12485  -43.293755
12490  -19.64975
12495  -84.22402
12500  -21.373095
12505  -52.69817
12510  -36.19405
12515  -10.236074
12520  -3.3951836
12525  -6.383517
12530  -3.0719512
12535  -5.5497375
12540  4.7479196
12545  7.4157934
12550  3.4988816
12555  -10.452379
12560  -16.349865
12565  -6.354459
12570  -10.270329
12575  -2.7877896
12580  12.4634905
12585  -14.65719
12590  5.166745
12595  10.033657
12600  -39.415688
12605  10.201415
12610  9.556349
12615  -13.359068
12620  -14.916553
12625  18.42194
12630  16.603771
12635  -9.387201
12640  8.283943
12645  12.941554
12650  -7.3524275
12655  10.661184
12660  16.483364
12665  14.966059
12670  12.659665
12675  6.4573517
12680  20.611906
12685  9.44431
12690  -11.999794
12695  19.03696
12700  23.843067
12705  15.801378
12710  15.441347
12715  14.0590725
12720  13.313762
12725  -3.7413087
12730  -4.557115
12735  21.013838
12740  24.157293
12745  19.654507
12750  25.043003
12755  22.946705
12760  0.013555909
12765  14.769757
12770  13.971964
12775  25.746542
12780  19.305035
12785  24.02425
12790  21.92367
12795  -4.998761
12800  -11.380707
12805  -36.016243
12810  21.052902
12815  22.44698
12820  -6.6523447
12825  -10.14108
12830  17.219763
12835  4.4651246
12840  -24.77724
12845  -5.8106775
12850  -55.079823
12855  -19.536013
12860  -32.991306
12865  -10.644073
12870  23.164032
12875  25.396255
12880  10.639349
12885  -15.606806
12890  16.072165
12895  6.006138
12900  24.326544
12905  -7.567538
12910  15.514499
12915  -2.693676
12920  6.1610527
12925  22.438816
12930  -20.77061
12935  -30.704956
12940  14.657043
12945  -7.832648
12950  9.582137
12955  -68.87492
12960  -45.958893
12965  -67.09009
12970  -33.187218
12975  -79.192375
12980  -54.73954
12985  -65.16344
12990  27.229336
12995  16.604275
13000  -23.103046
13005  -16.296711
13010  -11.798282
13015  12.39188
13020  -14.864332
13025  -15.48834
13030  17.040289
13035  6.1778812
13040  -22.270885
13045  14.481176
13050  21.369051
13055  19.781942
13060  11.429322
13065  25.306276
13070  -11.464279
13075  14.079943
13080  -9.077377
13085  22.188358
13090  18.529415
13095  15.972089
13100  20.464909
13105  -6.2567515
13110  27.79577
13115  13.2862425
13120  21.415869
13125  -21.914814
13130  19.039997
13135  23.810629
13140  16.450241
13145  -34.54021
13150  18.745182
13155  12.316315
13160  17.62621
13165  12.860028
13170  9.5174465
13175  2.2090373
13180  9.217108
13185  0.872636
13190  -16.724455
13195  -7.3325853
13200  16.144344
13205  8.198893
13210  14.455683
13215  18.27135
13220  11.211641
13225  13.325762
13230  19.936758
13235  17.255154
13240  -8.271269
13245  15.891069
13250  17.340046
13255  12.635863
13260  1.2242295
13265  17.600576
13270  12.128046
13275  -3.427925
13280  -50.891327
13285  -5.346959
13290  -1.3754547
13295  18.918386
13300  -5.803553
13305  -23.587938
13310  14.174565
13315  -0.62972677
13320  -10.815378
13325  2.35564
13330  -18.547672
13335  6.9081793
13340  -1.6930878
13345  -3.806675
13350  -1.1729031
13355  -2.0615163
13360  -7.037851
13365  -22.459442
13370  10.220027
13375  -12.437685
13380  12.288055
13385  -39.52005
13390  2.4232676
13395  10.9045925
13400  -1.008967
13405  2.8896565
13410  7.0234466
13415  4.078157
13420  -0.30885592
13425  -4.292334
13430  -6.7573824
13435  12.351572
13440  -16.826504
13445  -3.6886811
13450  2.0979931
13455  -7.097814
13460  16.670078
13465  3.2053075
13470  -5.2169466
13475  -2.1994443
13480  -3.8573575
13485  2.1336846
13490  -11.523395
13495  -7.2797112
13500  4.805029
13505  -10.510424
13510  -4.179095
13515  -11.692749
13520  -41.207264
13525  -10.552422
13530  -23.03532
13535  -31.750711
13540  -13.749845
13545  -10.207294
13550  -13.862163
13555  -6.153493
13560  -41.033714
13565  -2.3055608
13570  -32.53579
13575  -31.85962
13580  -19.106602
13585  -10.246103
13590  -36.899616
13595  -19.250996
13600  -10.184181
13605  -50.07892
13610  -26.779118
13615  -53.951073
13620  -44.251488
13625  -21.94469
13630  -55.750385
13635  -3.258725
13640  -9.033315
13645  -4.1403236
13650  -18.45878
13655  -28.827276
13660  -7.326976
13665  -23.887089
13670  -8.298199
13675  -9.594324
13680  -39.131416
13685  -40.774757
13690  -21.669506
13695  8.158008
13700  -7.627159
13705  -26.008968
13710  -11.227759
13715  13.495697
13720  -28.127209
13725  -44.91384
13730  11.26184
13735  -23.875149
13740  16.361183
13745  11.5631485
13750  -34.58791
13755  -3.3900788
13760  17.386322
13765  14.466594
13770  8.193387
13775  -5.829575
13780  -21.607042
13785  -13.777127
13790  12.745948
13795  3.4503026
13800  -12.551495
13805  -1.1473007
13810  12.583857
13815  11.152896
13820  15.204184
13825  -2.1980824
13830  6.0061274
13835  12.2322
13840  -11.895264
13845  18.653368
13850  -3.3822677
13855  15.687622
13860  11.162543
13865  13.871819
13870  -27.78587
13875  20.37851
13880  5.785298
13885  -15.290668
13890  -21.104164
13895  -8.5937395
13900  -31.744946
13905  -6.94392
13910  13.918651
13915  4.874833
13920  9.936894
13925  12.95101
13930  1.3018316
13935  -11.599576
13940  -23.074404
13945  3.9771843
13950  -21.24226
13955  -50.991524
13960  -4.048355
13965  -63.332726
13970  -7.1221833
13975  -14.97554
13980  -24.758316
13985  -2.7646813
13990  -2.173646
13995  -31.271545
14000  5.143134
14005  -44.275032
14010  1.1144254
14015  8.841214
14020  -46.542168
14025  -47.78248
14030  4.4803467
14035  -3.9800992
14040  -18.432228
14045  -9.322834
14050  -32.51589
14055  7.3137794
14060  -5.500753
14065  -49.247383
14070  -44.402657
14075  -37.26451
14080  -30.43307
14085  -32.961235
14090  -19.731586
14095  -20.501911
14100  -11.050478
14105  -27.10571
14110  -9.3562355
14115  -35.17634
14120  -3.0590239
14125  -9.771067
14130  -1.1649832
14135  9.204455
14140  10.960803
14145  -4.1273627
14150  -2.8216517
14155  -54.502045
14160  -1.8057798
14165  -31.05454
14170  -47.80027
14175  -20.723434
14180  -40.270287
14185  0.6979408
14190  0.32561532
14195  -3.2016742
14200  -27.594894
14205  -7.9446473
14210  -3.4599953
14215  3.5289814
14220  2.9496331
14225  -3.9164748
14230  5.7434926
14235  -1.6676867
14240  0.7312943
14245  -15.814896
14250  -24.242294
14255  -15.863818
14260  -29.164316
14265  -49.736256
14270  -63.555565
14275  -17.997149
14280  15.631498
14285  -22.572994
14290  -4.85378
14295  -23.467785
14300  0.020191574
14305  8.189576
14310  -73.13839
14315  9.111788
14320  -23.524944
14325  -9.1400385
14330  -0.9544134
14335  -0.62174207
14340  -5.6559396
14345  5.0893984
14350  6.405931
14355  -17.462353
14360  -22.826605
14365  21.08733
14370  -4.3095937
14375  3.3566146
14380  -0.099225044
14385  6.740094
14390  -11.648653
14395  -4.773298
14400  -5.9583526
14405  -11.359434
14410  2.9714584
14415  2.7057993
14420  -12.351499
14425  0.51840127
14430  8.446383
14435  8.209326
14440  -16.9797
14445  -8.958272
14450  5.268758
14455  8.619644
14460  13.4670925
14465  4.6297636
14470  4.3759117
14475  6.086814
14480  2.0278268
14485  8.012152
14490  0.08595524
14495  9.74467
14500  5.371476
14505  19.590277
14510  7.993182
14515  15.7883835
14520  23.726875
14525  14.990982
14530  -22.207144
14535  20.235544
14540  32.1614
14545  0.31808168
14550  24.29101
14555  -9.987714
14560  28.511164
14565  22.1686
14570  -3.817514
14575  20.633427
14580  30.73973
14585  29.619
14590  5.577923
14595  30.656769
14600  22.750177
14605  32.92987
14610  33.328644
14615  27.612637
14620  31.665783
14625  35.79853
14630  6.2189827
14635  32.53338
14640  38.395466
14645  35.118732
14650  4.8595247
14655  36.192955
14660  -31.987818
14665  22.090796
14670  28.480015
14675  18.811184
14680  -3.3932433
14685  1.7245983
14690  31.994404
14695  35.12393
14700  33.16645
14705  26.465057
14710  -6.986242
14715  -1.9465278
14720  13.201384
14725  12.166531
14730  32.798836
14735  33.749325
14740  34.541615
14745  27.2008
14750  29.207972
14755  34.734398
14760  25.757544
14765  29.277838
14770  40.650314
14775  30.795704
14780  30.809732
14785  -27.571548
14790  -2.1464725
14795  20.724674
14800  24.595888
14805  25.897873
14810  29.478271
14815  23.667917
14820  17.045721
14825  41.043537
14830  1.3174759
14835  11.877431
14840  4.5059767
14845  36.27511
14850  30.663599
14855  12.19476
14860  28.936457
14865  33.484024
14870  27.714209
14875  35.974983
14880  14.162486
14885  11.163919
14890  36.020023
14895  -8.796956
14900  21.069414
14905  -24.323557
14910  18.697683
14915  20.72744
14920  20.83405
14925  19.109468
14930  27.899282
14935  23.592495
14940  17.809675
14945  18.312521
14950  17.111507
14955  33.11522
14960  -8.880983
14965  35.401863
14970  23.934748
14975  26.328247
14980  35.15974
14985  23.287441
14990  22.684484
14995  33.643837
15000  25.62688
15005  5.221092
15010  24.461004
15015  28.448246
15020  19.776009
15025  24.501337
15030  24.622456
15035  -4.638959
15040  -5.2425737
15045  20.846985
15050  2.1910205
15055  28.417765
15060  7.8701677
15065  29.326813
15070  26.61139
15075  27.451828
15080  25.891788
15085  24.24469
15090  34.063942
15095  -0.2669449
15100  5.0460877
15105  30.204432
15110  21.744427
15115  39.775673
15120  38.02081
15125  29.812677
15130  30.70849
15135  36.567314
15140  36.361797
15145  30.398504
15150  40.72403
15155  -11.798358
15160  33.070385
15165  20.550076
15170  18.26141
15175  3.6476567
15180  31.282703
15185  13.8801775
15190  26.611628
15195  21.325848
15200  31.725393
15205  43.12137
15210  40.121197
15215  13.640256
15220  34.673164
15225  33.47787
15230  31.529133
15235  31.687489
15240  30.066452
15245  27.131872
15250  4.361156
15255  32.024742
15260  28.948414
15265  28.069195
15270  36.06217
15275  20.681122
15280  5.140353
15285  37.379837
15290  22.887358
15295  32.43194
15300  41.31933
15305  27.512823
15310  5.0321655
15315  26.04118
15320  -3.1520576
15325  25.141592
15330  14.034576
15335  29.083546
15340  3.5741448
15345  27.36889
15350  29.293362
15355  -25.278843
15360  22.882011
15365  -1.4766514
15370  10.253669
15375  -40.676586
15380  37.644768
15385  21.729578
15390  30.322931
15395  17.441921
15400  17.528915
15405  8.876715
15410  28.756235
15415  2.3847241
15420  -28.618084
15425  26.82574
15430  -1.3516216
15435  36.416748
15440  17.279615
15445  31.234615
15450  -0.6337082
15455  25.183163
15460  21.519833
15465  -50.885654
15470  0.77004015
15475  14.959111
15480  23.440922
15485  25.486292
15490  22.870209
15495  3.4906344
15500  5.634598
15505  29.58819
15510  34.114395
15515  28.710978
15520  24.12883
15525  25.347126
15530  35.526237
15535  33.623085
15540  -0.4252945
15545  19.251339
15550  36.417515
15555  -0.9588684
15560  21.963507
15565  22.31262
15570  -3.4442742
15575  23.823847
15580  29.348871
15585  -22.302513
15590  32.81533
15595  18.35083
15600  24.834423
15605  31.128399
15610  -7.761009
15615  17.4332
15620  24.30699
15625  15.470131
15630  24.664135
15635  25.286448
15640  -7.176178
15645  3.0653298
15650  6.1107802
15655  0.6138195
15660  19.507236
15665  25.940134
15670  19.143566
15675  20.92049
15680  27.425333
15685  28.864246
15690  30.182428
15695  25.375881
15700  28.015219
15705  25.73682
15710  -1.7487541
15715  28.232965
15720  -2.6000297
15725  33.672005
15730  23.419567
15735  23.97277
15740  -51.09032
15745  31.62083
15750  6.8135653
15755  32.101044
15760  29.709631
15765  27.44719
15770  29.672787
15775  34.654686
15780  33.746315
15785  34.885124
15790  33.933395
15795  31.405975
15800  37.582417
15805  31.762585
15810  3.9847534
15815  31.481236
15820  28.139568
15825  29.727367
15830  28.473186
15835  40.28991
15840  34.38958
15845  29.53056
15850  37.12513
15855  24.400091
15860  10.685129
15865  12.390319
15870  8.678086
15875  12.113875
15880  0.5604272
15885  -12.6351795
15890  -11.432668
15895  -63.354126
15900  -15.115639
15905  9.490534
15910  4.2995796
15915  -17.908865
15920  9.568594
15925  5.5500474
15930  11.466256
15935  -40.9401
15940  6.690837
15945  3.127379
15950  -4.2820253
15955  -3.9126525
15960  -2.868754
15965  14.726511
15970  15.072622
15975  12.200485
15980  11.458274
15985  -13.361975
15990  10.499075
15995  5.5026875
16000  10.797693
16005  -15.790746
16010  3.7943242
16015  -10.315495
16020  8.636107
16025  8.509856
16030  14.412967
16035  10.976129
16040  7.708822
16045  14.664111
16050  -11.2067995
16055  -34.90197
16060  12.42922
16065  -9.625393
16070  -15.618197
16075  14.661136
16080  -18.242151
16085  9.08116
16090  11.455471
16095  15.652887
16100  -19.01818
16105  -8.398064
16110  -0.80896986
16115  -13.301351
16120  20.414106
16125  16.609653
16130  15.950185
16135  -12.609898
16140  -4.182763
16145  -7.799672
16150  -9.710411
16155  5.4945645
16160  17.56636
16165  19.133986
16170  12.606532
16175  8.564498
16180  -13.290814
16185  -58.081154
16190  -18.527134
16195  -42.107506
16200  10.073841
16205  -47.354782
16210  -22.241814
16215  -10.672899
16220  -9.295298
16225  -10.724276
16230  6.7513504
16235  1.858113
16240  -9.420835
16245  -7.284906
16250  17.358843
16255  10.974142
16260  10.8363905
16265  7.0279565
16270  2.921442
16275  7.155795
16280  9.350694
16285  3.649447
16290  11.311328
16295  6.134721
16300  10.537837
16305  -18.594118
16310  3.7869053
16315  -19.484692
16320  9.195615
16325  16.09786
16330  11.064696
16335  18.28063
16340  -13.8228855
16345  18.432234
16350  23.517124
16355  -9.834755
16360  16.664272
16365  21.675539
16370  13.220549
16375  10.600641
16380  10.131363
16385  11.911459
16390  -11.131119
16395  18.066
16400  -10.0648985
16405  -5.7185144
16410  -3.5497448
16415  15.647072
16420  19.950287
16425  20.447163
16430  1.744973
16435  18.84202
16440  19.002766
16445  -6.6755676
16450  20.671856
16455  27.586117
16460  18.431751
16465  -3.4625134
16470  21.957026
16475  27.722778
16480  -7.2586455
16485  28.953754
16490  -9.229917
16495  42.669735
16500  45.34996
16505  3.431488
16510  31.839869
16515  -53.115395
16520  -24.710398
16525  -22.711119
16530  -56.34768
16535  13.748774
16540  26.54253
16545  -24.114925
16550  -19.17519
16555  -16.036777
16560  -29.417538
16565  31.591038
16570  4.914464
16575  -10.483136
16580  15.241346
16585  37.68012
16590  37.496975
16595  35.060837
16600  22.821627
16605  26.228973
16610  24.267437
16615  -3.0490189
16620  48.03339
16625  29.724142
16630  17.897528
16635  37.62601
16640  -3.5070236
16645  34.24921
16650  34.81733
16655  48.459007
16660  24.74536
16665  29.827932
16670  40.84677
16675  34.15094
16680  35.41993
16685  32.27613
16690  38.5774
16695  24.335857
16700  20.085878
16705  32.61496
16710  40.620617
16715  38.952568
16720  17.477654
16725  49.52314
16730  17.760601
16735  20.337177
16740  17.656319
16745  32.617508
16750  17.246063
16755  39.92112
16760  27.412266
16765  42.99952
16770  20.591608
16775  45.87701
16780  30.754944
16785  30.172266
16790  -29.963116
16795  29.915966
16800  42.43738
16805  43.054367
16810  32.381607
16815  30.88338
16820  40.114025
16825  35.764484
16830  30.889914
16835  34.59612
16840  5.4729033
16845  36.168983
16850  39.87035
16855  45.94201
16860  30.361263
16865  41.30014
16870  38.518288
16875  37.51722
16880  42.330044
16885  34.940235
16890  40.411285
16895  3.9126372
16900  24.505318
16905  33.618652
16910  37.895126
16915  36.14216
16920  39.89759
16925  33.728638
16930  37.90516
16935  39.747047
16940  38.761147
16945  19.190063
16950  5.2659545
16955  23.90141
16960  42.186146
16965  46.92312
16970  34.35903
16975  33.443775
16980  4.390352
16985  43.481964
16990  38.576927
16995  36.47616
17000  9.9482355
17005  36.593376
17010  39.099934
17015  47.940536
17020  41.69339
17025  26.609842
17030  0.06501655
17035  35.581867
17040  22.382198
17045  29.974579
17050  35.18331
17055  44.736065
17060  44.29874
17065  45.939262
17070  35.189064
17075  41.856365
17080  41.304
17085  43.152363
17090  28.850824
17095  40.50273
17100  38.11634
17105  -25.027582
17110  32.828125
17115  9.046112
17120  42.277996
17125  44.225327
17130  39.739918
17135  6.676065
17140  -6.2580385
17145  37.628693
17150  40.74213
17155  45.922478
17160  12.017342
17165  9.600943
17170  35.69671
17175  16.331667
17180  10.866456
17185  27.200825
17190  39.677174
17195  20.378048
17200  42.448437
17205  46.417114
17210  40.831158
17215  43.98279
17220  41.90144
17225  51.086403
17230  8.23801
17235  15.000153
17240  47.858086
17245  13.48658
17250  55.536793
17255  15.61297
17260  36.03652
17265  45.914215
17270  14.949808
17275  46.439003
17280  37.943718
17285  45.539856
17290  32.49989
17295  32.735584
17300  31.71231
17305  27.62052
17310  43.374092
17315  41.83766
17320  -26.80015
17325  40.27472
17330  45.612724
17335  31.098383
17340  51.132416
17345  42.83857
17350  45.68093
17355  25.304516
17360  27.44898
17365  -11.387413
17370  3.710915
17375  13.978899
17380  -2.871872
17385  21.513569
17390  3.226466
17395  3.7825897
17400  -22.007381
17405  13.172811
17410  -7.7021523
17415  33.298134
17420  15.317652
17425  12.657249
17430  21.71638
17435  34.481762
17440  37.604813
17445  26.826275
17450  42.704468
17455  35.4205
17460  22.397194
17465  1.0016983
17470  18.958958
17475  35.67376
17480  -21.685413
17485  -5.3710985
17490  0.41959992
17495  -0.9780533
17500  42.42561
17505  35.170918
17510  36.81115
17515  27.615265
17520  32.667492
17525  -9.064419
17530  -22.030373
17535  41.429405
17540  12.073434
17545  51.085396
17550  28.072687
17555  53.99375
17560  43.500164
17565  21.900732
17570  16.141363
17575  47.0297
17580  41.521175
17585  35.10445
17590  19.632593
17595  40.454338
17600  42.934982
17605  54.040314
17610  13.838217
17615  47.123497
17620  39.752106
17625  40.20823
17630  31.724405
17635  36.640617
17640  26.432016
17645  31.108316
17650  47.07708
17655  36.181614
17660  45.248085
17665  11.633962
17670  33.05357
17675  41.23046
17680  58.847862
17685  36.12873
17690  22.666485
17695  50.78923
17700  44.343746
17705  36.889294
17710  47.27677
17715  45.31178
17720  15.178294
17725  44.928875
17730  59.93818
17735  54.96159
17740  25.701132
17745  55.59366
17750  -15.022209
17755  52.844887
17760  24.617004
17765  20.669874
17770  53.251984
17775  43.1271
17780  53.474556
17785  58.56009
17790  22.95309
17795  44.67755
17800  45.943027
17805  52.19048
17810  39.284615
17815  55.37262
17820  19.92744
17825  44.92859
17830  53.291656
17835  45.362553
17840  22.415735
17845  45.78385
17850  42.057564
17855  42.237804
17860  47.503036
17865  38.55171
17870  35.95063
17875  49.139862
17880  30.230946
17885  54.287605
17890  32.290928
17895  45.04106
17900  44.364952
17905  32.086433
17910  41.09617
17915  36.00682
17920  34.57769
17925  -8.83635
17930  -44.76964
17935  -38.07424
17940  -47.495335
17945  -64.37189
17950  -56.804016
17955  -22.897703
17960  -30.907446
17965  -8.507344
17970  -37.96832
17975  -20.808784
17980  -20.756191
17985  -55.083687
17990  -25.596565
17995  -15.181013
18000  -21.666033
18005  -7.799515
18010  18.398539
18015  16.232183
18020  -10.309526
18025  -16.411896
18030  7.86905
18035  2.815657
18040  14.854647
18045  19.238186
18050  -0.63257104
18055  26.14826
18060  36.48111
18065  20.10471
18070  25.641819
18075  31.966076
18080  -1.4455492
18085  43.490776
18090  37.15191
18095  36.307014
18100  31.616083
18105  41.712044
18110  -29.052479
18115  46.00644
18120  52.615917
18125  52.16036
18130  45.02817
18135  65.65959
18140  45.68091
18145  30.005844
18150  52.05421
18155  60.84989
18160  44.083687
18165  28.403296
18170  52.94143
18175  45.065044
18180  54.193153
18185  9.750621
18190  56.084587
18195  34.971397
18200  40.916767
18205  57.36741
18210  56.060883
18215  47.177563
18220  31.846884
18225  48.58384
18230  55.15336
18235  46.632442
18240  70.67975
18245  60.4692
18250  66.98387
18255  63.313652
18260  48.247917
18265  71.457794
18270  43.86378
18275  63.69869
18280  25.269062
18285  71.95726
18290  73.9388
18295  61.8349
18300  38.73261
18305  -0.5136429
18310  48.995888
18315  68.67496
18320  42.859833
18325  -18.271545
18330  32.533173
18335  51.56181
18340  27.024286
18345  63.51819
18350  54.244286
18355  47.445236
18360  41.783554
18365  54.26545
18370  64.096115
18375  56.768394
18380  60.02069
18385  64.47876
18390  55.26644
18395  33.48698
18400  61.916573
18405  44.957024
18410  58.172493
18415  75.40385
18420  28.610159
18425  50.63482
18430  66.40675
18435  41.335564
18440  81.07455
18445  35.871765
18450  61.533928
18455  29.32677
18460  -18.700665
18465  -31.286755
18470  -39.45486
18475  -19.275145
18480  -32.383957
18485  -38.023453
18490  -72.96432
18495  -34.469395
18500  -35.112736
18505  -12.432524
18510  -53.665752
18515  -10.039963
18520  -8.38741
18525  -19.116875
18530  9.872732
18535  -43.05525
18540  -15.85755
18545  -39.98305
18550  -24.037537
18555  -40.133556
18560  -36.254387
18565  -81.27501
18570  -18.72386
18575  -6.822261
18580  -60.582447
18585  8.389742
18590  -24.584677
18595  -18.478456
18600  7.982457
18605  -58.616894
18610  -28.399164
18615  -20.179565
18620  -11.832933
18625  -28.45898
18630  -22.185787
18635  -25.30311
18640  -25.368298
18645  -24.320679
18650  -1.9714035
18655  -89.90326
18660  -63.77243
18665  -79.32344
18670  -56.278557
18675  -102.693054
18680  -136.02092
18685  -126.38371
18690  -129.19792
18695  -134.73299
18700  -111.56244
18705  -121.26405
18710  -141.90878
18715  -107.64536
18720  -119.454605
18725  -109.32454
18730  -135.65701
18735  -173.05917
18740  -164.51245
18745  -178.50089
18750  -159.96631
18755  -195.54576
18760  -201.35172
18765  -207.72128
18770  -208.0467
18775  -245.03989
18780  -180.8376
18785  -182.37563
18790  -183.0826
18795  -184.634
18800  -183.80093
18805  -183.76526
18810  -183.52835
18815  -183.70412
18820  -184.23654
18825  -191.30132
18830  -181.76172
18835  -191.78772
18840  -191.11508
18845  -213.85115
18850  -163.3281
18855  -206.26802
18860  -181.49026
18865  -210.83298
18870  -181.91298
18875  -184.16794
18880  -232.87346
18885  -195.44354
18890  -230.85262
18895  -208.5605
18900  -213.23538
18905  -188.2146
18910  -185.5601
18915  -178.06386
18920  -175.00311
18925  -173.82703
18930  -185.523
18935  -140.43108
18940  -105.29736
18945  -121.32788
18950  -106.45233
18955  -108.72975
18960  -127.65596
18965  -110.010254
18970  -179.32198
18975  -181.63702
18980  -182.34924
18985  -182.5342
18990  -182.31877
18995  -181.53775
19000  -181.5458
19005  -182.2
19010  -181.40222
19015  -181.61606
19020  -181.36887
19025  -181.48257
19030  -182.1741
19035  -183.81458
19040  -181.6453
19045  -183.2918
19050  -181.78328
19055  -184.12886
19060  -182.65373
19065  -180.30508
19070  -181.47517
19075  -185.33421
19080  -183.18552
19085  -184.77368
19090  -184.33224
19095  -184.03008
19100  -183.92752
19105  -183.83743
19110  -176.71072
19115  -176.2156
19120  -170.45769
19125  -147.63043
19130  -151.40573
19135  -193.05557
19140  -121.827774
19145  -164.0386
19150  -178.25154
19155  -175.94891
19160  -177.9878
19165  -174.39954
19170  -136.39322
19175  -105.49502
19180  -108.93169
19185  -114.01674
19190  -106.916794
19195  -105.7463
19200  -105.4919
19205  -104.558754
19210  -104.82577
19215  -105.72544
19220  -105.923874
19225  -105.83872
19230  -105.30093
19235  -105.21028
19240  -105.3052
19245  -104.46141
19250  -104.66399
19255  -105.65483
19260  -105.03682
19265  -104.59712
19270  -105.312096
19275  -106.474976
19280  -105.191574
19285  -105.44104
19290  -106.27329
19295  -104.9698
19300  -105.69497
19305  -106.83232
19310  -105.539246
19315  -105.28225
19320  -105.086876
19325  -104.92908
19330  -104.891846
19335  -105.44204
19340  -105.30644
19345  -106.790405
19350  -106.85237
19355  -105.277695
19360  -105.265686
19365  -104.5193
19370  -105.566055
19375  -104.3195
19380  -107.4453
19385  -104.646034
19390  -104.57698
19395  -104.843346
19400  -106.42122
19405  -106.26814
19410  -105.04332
19415  -104.91986
19420  -105.17421
19425  -104.898964
19430  -105.37128
19435  -104.9807
19440  -105.733826
19445  -106.99805
19450  -104.653854
19455  -104.62428
19460  -104.70437
19465  -105.29724
19470  -104.60785
19475  -105.62007
19480  -106.234024
19485  -105.102234
19490  -107.59967
19495  -106.07811
19500  -105.03783
19505  -103.9187
19510  -103.65836
19515  -105.47673
19520  -106.43815
19525  -103.68711
19530  -104.87846
19535  -104.70891
19540  -103.61135
19545  -103.65068
19550  -105.38164
19555  -105.924866
19560  -105.066895
19565  -105.49382
19570  -103.62538
19575  -104.70994
19580  -104.38094
19585  -104.74033
19590  -104.71309
19595  -104.41563
19600  -105.18175
19605  -103.68866
19610  -104.50224
19615  -108.771164
19620  -103.62117
19625  -110.07753
19630  -107.7567
19635  -108.72353
19640  -104.59139
19645  -101.75407
19650  -102.21608
19655  -102.02373
19660  -102.032715
19665  -102.93233
19670  -106.80637
19675  -108.73026
19680  -110.03374
19685  -110.38231
19690  -109.789406
19695  -107.643715
19700  -101.98784
19705  -101.75759
19710  -101.47904
19715  -101.63034
19720  -102.05048
19725  -101.740944
19730  -101.578064
19735  -101.57006
19740  -101.62912
19745  -102.01799
19750  -101.96428
19755  -101.43342
19760  -101.39964
19765  -103.63234
19770  -134.14053
19775  -161.7097
19780  -164.68602
19785  -134.08755
19790  -153.12619
19795  -131.51633
19800  -121.8687
19805  -134.54507
19810  -104.52427
19815  -105.13302
19820  -105.21157
19825  -105.21825
19830  -105.24158
19835  -105.32993
19840  -105.28206
19845  -105.3491
19850  -105.232704
19855  -105.293175
19860  -105.20952
19865  -105.248535
19870  -105.23964
19875  -105.87704
19880  -106.0176
19885  -105.11601
19890  -104.92776
19895  -105.20323
19900  -105.7678
19905  -104.94625
19910  -101.39314
19915  -102.05789
19920  -101.28819
19925  -101.08945
19930  -101.674934
19935  -101.18479
19940  -101.57716
19945  -101.37962
19950  -101.07358
19955  -101.45618
19960  -101.27281
19965  -101.244385
19970  -101.97424
19975  -102.43504
19980  -102.13789
19985  -102.26776
19990  -102.515465
19995  -102.866844
20000  -101.760765