_Episode  _MeanReward
5  -127.16959
10  -115.89748
15  -124.29464
20  -126.9672
25  -129.65819
30  -148.107
35  -171.60133
40  -181.16069
45  -168.33838
50  -137.7073
55  -144.85414
60  -146.5914
65  -149.10115
70  -171.53737
75  -151.77249
80  -146.42574
85  -153.78383
90  -156.31851
95  -154.85336
100  -143.30177
105  -138.1445
110  -143.01212
115  -145.70303
120  -137.69853
125  -142.6741
130  -149.13457
135  -150.65297
140  -141.57007
145  -143.98894
150  -148.3237
155  -144.6182
160  -144.60367
165  -144.12791
170  -140.97946
175  -145.15921
180  -159.7766
185  -164.77576
190  -147.21799
195  -155.40663
200  -154.65144
205  -149.56918
210  -157.61134
215  -154.0374
220  -146.31966
225  -156.48514
230  -152.29048
235  -156.65813
240  -157.83524
245  -152.71355
250  -153.19641
255  -145.57678
260  -150.7739
265  -146.68428
270  -155.0325
275  -156.6112
280  -152.60002
285  -169.24619
290  -180.91003
295  -174.66788
300  -154.3355
305  -170.5289
310  -152.0872
315  -152.13277
320  -163.90244
325  -148.3073
330  -151.95935
335  -156.56406
340  -155.18942
345  -154.7403
350  -153.33574
355  -152.64308
360  -146.66702
365  -147.2137
370  -147.34909
375  -141.31364
380  -141.78033
385  -143.2785
390  -142.42805
395  -140.32742
400  -133.68411
405  -137.14214
410  -144.99594
415  -150.23924
420  -146.78352
425  -152.75508
430  -146.43532
435  -148.86479
440  -148.24112
445  -150.95024
450  -139.66911
455  -149.66841
460  -148.69595
465  -150.32901
470  -145.72482
475  -148.65045
480  -157.26804
485  -182.79239
490  -213.73843
495  -238.32353
500  -251.55473
505  -264.47968
510  -244.67136
515  -231.54
520  -249.10913
525  -202.46384
530  -257.45914
535  -275.4399
540  -198.11685
545  -249.25261
550  -231.73315
555  -179.01595
560  -177.53629
565  -177.17953
570  -175.88773
575  -176.01183
580  -176.72913
585  -176.96371
590  -175.64265
595  -175.2042
600  -176.65225
605  -176.5167
610  -175.35835
615  -175.15256
620  -176.13351
625  -176.20116
630  -176.01309
635  -174.0618
640  -174.39362
645  -174.59181
650  -173.07697
655  -173.27646
660  -172.92647
665  -173.12717
670  -172.26172
675  -173.26791
680  -172.25542
685  -172.75488
690  -170.01717
695  -170.81772
700  -170.09769
705  -158.72116
710  -169.47672
715  -179.51506
720  -155.69243
725  -167.86856
730  -168.02869
735  -181.7644
740  -170.54105
745  -170.60999
750  -191.83313
755  -170.43864
760  -172.03381
765  -171.55687
770  -171.25764
775  -160.54927
780  -157.86374
785  -169.46503
790  -158.39128
795  -170.76155
800  -170.37729
805  -170.52954
810  -167.47874
815  -161.42757
820  -169.7166
825  -170.11742
830  -169.63268
835  -169.5889
840  -168.17212
845  -169.16534
850  -166.86069
855  -168.7491
860  -169.14133
865  -167.21956
870  -167.97119
875  -168.04837
880  -167.58806
885  -154.84517
890  -171.49414
895  -162.05644
900  -177.3979
905  -167.81216
910  -167.89738
915  -168.47557
920  -167.83871
925  -176.73232
930  -168.11168
935  -169.29507
940  -168.01082
945  -167.64127
950  -168.95798
955  -167.84167
960  -168.28535
965  -166.5508
970  -167.1899
975  -168.51636
980  -167.86415
985  -167.82323
990  -168.2615
995  -167.94397
1000  -168.29294
1005  -169.19922
1010  -167.43875
1015  -165.87909
1020  -166.55331
1025  -166.9837
1030  -167.60555
1035  -145.01292
1040  -156.52617
1045  -167.24399
1050  -166.08585
1055  -168.42131
1060  -167.0372
1065  -166.67892
1070  -166.30246
1075  -165.32358
1080  -165.85599
1085  -164.74007
1090  -166.71294
1095  -165.28523
1100  -166.05481
1105  -165.89941
1110  -166.08968
1115  -163.39322
1120  -165.1466
1125  -165.08798
1130  -164.47188
1135  -164.5385
1140  -164.33447
1145  -163.4327
1150  -165.9344
1155  -163.40715
1160  -164.1122
1165  -163.58777
1170  -163.83067
1175  -163.8439
1180  -164.7232
1185  -163.18735
1190  -163.0773
1195  -163.56628
1200  -162.60506
1205  -162.60486
1210  -161.93697
1215  -160.56393
1220  -161.33644
1225  -160.5571
1230  -160.3973
1235  -158.9739
1240  -152.21837
1245  -159.1929
1250  -159.37871
1255  -167.66173
1260  -159.32059
1265  -160.23917
1270  -159.60234
1275  -160.65219
1280  -160.29285
1285  -161.86789
1290  -159.33357
1295  -158.90689
1300  -160.06195
1305  -158.74054
1310  -159.6395
1315  -160.84134
1320  -158.70454
1325  -160.0311
1330  -164.98679
1335  -164.89407
1340  -163.19899
1345  -164.67282
1350  -164.70685
1355  -164.49881
1360  -161.24078
1365  -163.06223
1370  -161.71106
1375  -162.25049
1380  -160.40996
1385  -159.8355
1390  -160.17937
1395  -150.48756
1400  -159.35022
1405  -158.13393
1410  -157.37021
1415  -156.24641
1420  -155.98184
1425  -149.80923
1430  -154.52501
1435  -155.57884
1440  -153.50333
1445  -194.07263
1450  -155.76338
1455  -156.45244
1460  -155.52184
1465  -157.89188
1470  -161.0157
1475  -154.37209
1480  -152.85051
1485  -151.99265
1490  -151.6235
1495  -152.6694
1500  -144.58194
1505  -152.58467
1510  -152.1439
1515  -152.9592
1520  -150.79903
1525  -148.5657
1530  -146.08061
1535  -146.88768
1540  -147.26466
1545  -132.14798
1550  -144.4686
1555  -146.969
1560  -143.21106
1565  -150.13092
1570  -151.88214
1575  -110.076294
1580  -110.77374
1585  -106.988235
1590  -108.3787
1595  -107.54488
1600  -112.878586
1605  -160.46692
1610  -172.5176
1615  -160.25546
1620  -160.4606
1625  -159.34743
1630  -175.89473
1635  -162.76828
1640  -160.27913
1645  -163.01994
1650  -161.44849
1655  -164.07002
1660  -153.22702
1665  -171.69984
1670  -155.62395
1675  -155.49886
1680  -154.47917
1685  -148.49028
1690  -186.52544
1695  -204.15596
1700  -175.12186
1705  -184.03014
1710  -211.0125
1715  -182.20865
1720  -200.39297
1725  -184.65755
1730  -152.77882
1735  -184.29428
1740  -156.4721
1745  -155.21419
1750  -171.78336
1755  -173.01343
1760  -185.84326
1765  -198.28966
1770  -147.82112
1775  -156.80603
1780  -165.15138
1785  -171.17578
1790  -170.43799
1795  -169.59866
1800  -144.42203
1805  -160.03215
1810  -169.17996
1815  -171.34778
1820  -171.37454
1825  -171.5266
1830  -169.74307
1835  -169.66191
1840  -135.08461
1845  -151.31467
1850  -171.39178
1855  -170.77902
1860  -169.64218
1865  -171.84952
1870  -168.97777
1875  -168.83542
1880  -134.22885
1885  -142.28488
1890  -166.55344
1895  -170.09384
1900  -159.70062
1905  -173.54672
1910  -157.7145
1915  -158.04883
1920  -145.7535
1925  -148.74362
1930  -158.93993
1935  -159.12006
1940  -158.21748
1945  -157.59854
1950  -157.33577
1955  -163.06671
1960  -135.15427
1965  -129.76018
1970  -160.92256
1975  -157.31003
1980  -155.51645
1985  -156.45451
1990  -162.57341
1995  -154.01811
2000  -132.42703
2005  -129.25256
2010  -148.22592
2015  -151.38815
2020  -153.98088
2025  -155.51529
2030  -152.3394
2035  -149.40399
2040  -151.29199
2045  -149.47269
2050  -140.63913
2055  -148.7731
2060  -147.41411
2065  -152.05261
2070  -147.0154
2075  -144.29042
2080  -157.51413
2085  -163.03902
2090  -140.37697
2095  -163.22319
2100  -145.13728
2105  -146.72498
2110  -145.24127
2115  -144.92487
2120  -134.98225
2125  -148.47551
2130  -143.0081
2135  -144.38345
2140  -142.67863
2145  -140.453
2150  -139.43623
2155  -138.87358
2160  -148.88272
2165  -154.95432
2170  -136.75757
2175  -141.3103
2180  -140.41068
2185  -141.98088
2190  -140.23526
2195  -137.14731
2200  -140.83852
2205  -135.04068
2210  -138.5375
2215  -137.31015
2220  -134.54501
2225  -134.88297
2230  -134.3415
2235  -129.63272
2240  -134.36311
2245  -130.5665
2250  -135.18588
2255  -139.4047
2260  -154.36765
2265  -155.36133
2270  -156.24998
2275  -159.7847
2280  -133.07118
2285  -126.8042
2290  -126.79108
2295  -139.65935
2300  -158.2669
2305  -161.59943
2310  -158.26729
2315  -157.98123
2320  -132.9976
2325  -126.8192
2330  -126.81588
2335  -133.33147
2340  -155.82166
2345  -160.30405
2350  -159.32913
2355  -159.57628
2360  -152.10947
2365  -141.34763
2370  -126.83806
2375  -129.37915
2380  -159.53036
2385  -157.48775
2390  -157.58908
2395  -156.26294
2400  -139.43562
2405  -127.4785
2410  -141.40042
2415  -126.809616
2420  -154.00671
2425  -173.95683
2430  -176.76834
2435  -175.7931
2440  -136.79243
2445  -126.82186
2450  -126.818016
2455  -126.81541
2460  -158.46536
2465  -178.90604
2470  -178.9825
2475  -179.24844
2480  -137.01947
2485  -126.81035
2490  -126.818054
2495  -126.81319
2500  -147.63734
2505  -178.87813
2510  -179.05472
2515  -179.23535
2520  -137.38469
2525  -126.81561
2530  -126.81334
2535  -126.81779
2540  -137.21109
2545  -178.27066
2550  -178.39209
2555  -179.00476
2560  -137.05112
2565  -126.818665
2570  -126.80984
2575  -126.81769
2580  -126.82107
2585  -179.83414
2590  -178.22244
2595  -178.09521
2600  -136.67482
2605  -126.8159
2610  -126.81471
2615  -126.811745
2620  -126.81438
2625  -167.80249
2630  -178.3914
2635  -176.32417
2640  -136.12447
2645  -126.82231
2650  -126.813034
2655  -126.81506
2660  -126.817665
2665  -155.30603
2670  -173.35757
2675  -172.42448
2680  -136.50166
2685  -126.80888
2690  -126.818115
2695  -126.81692
2700  -126.81262
2705  -145.72417
2710  -174.69865
2715  -173.83879
2720  -136.42128
2725  -126.808044
2730  -126.80615
2735  -126.814476
2740  -126.80953
2745  -136.214
2750  -175.22624
2755  -172.70503
2760  -136.77936
2765  -126.80885
2770  -126.81221
2775  -126.81868
2780  -126.81222
2785  -126.80619
2790  -173.97931
2795  -174.1039
2800  -136.76036
2805  -126.818504
2810  -126.81642
2815  -126.81405
2820  -126.80497
2825  -126.81765
2830  -163.89096
2835  -173.38489
2840  -136.8366
2845  -126.81331
2850  -126.819565
2855  -126.80796
2860  -126.818214
2865  -126.81521
2870  -155.62721
2875  -172.96481
2880  -135.87796
2885  -126.81191
2890  -126.81543
2895  -126.82214
2900  -126.810326
2905  -126.81978
2910  -159.74808
2915  -173.63113
2920  -136.67288
2925  -126.81191
2930  -126.8228
2935  -126.809105
2940  -126.81038
2945  -126.81809
2950  -136.13991
2955  -172.75954
2960  -136.41187
2965  -126.81624
2970  -126.70237
2975  -126.81555
2980  -126.80623
2985  -126.808495
2990  -126.81368
2995  -172.73589
3000  -136.31119
3005  -126.809555
3010  -126.81331
3015  -126.81533
3020  -126.824646
3025  -126.81535
3030  -126.81836
3035  -163.48221
3040  -136.24036
3045  -126.82359
3050  -126.81173
3055  -126.814064
3060  -126.80857
3065  -126.810684
3070  -126.81683
3075  -154.30406
3080  -135.82104
3085  -126.81438
3090  -126.79751
3095  -140.62195
3100  -126.72627
3105  -126.819435
3110  -126.81372
3115  -158.87495
3120  -149.4232
3125  -140.55296
3130  -140.40584
3135  -142.97617
3140  -140.21193
3145  -140.37485
3150  -167.08571
3155  -134.9139
3160  -175.60324
3165  -157.66177
3170  -147.54376
3175  -142.42184
3180  -172.002
3185  -129.48608
3190  -162.53767
3195  -177.52335
3200  -180.02872
3205  -173.4089
3210  -176.80827
3215  -198.42328
3220  -187.49336
3225  -157.8626
3230  -159.75996
3235  -178.7059
3240  -165.0186
3245  -167.12674
3250  -166.25562
3255  -166.91711
3260  -156.49976
3265  -155.13785
3270  -150.89561
3275  -151.61958
3280  -147.08379
3285  -150.48401
3290  -149.2662
3295  -142.20259
3300  -144.86621
3305  -139.02097
3310  -135.76999
3315  -125.00885
3320  -129.64471
3325  -117.82442
3330  -111.84877
3335  -133.24542
3340  -111.35838
3345  -107.381714
3350  -97.2404
3355  -115.04543
3360  -127.97151
3365  -104.183365
3370  -97.1122
3375  -97.73666
3380  -115.08649
3385  -89.90403
3390  -99.12897
3395  -90.88474
3400  -116.62425
3405  -118.84426
3410  -99.40208
3415  -93.00872
3420  -103.31055
3425  -82.546074
3430  -91.399345
3435  -70.312035
3440  -90.05696
3445  -87.21901
3450  -100.88357
3455  -86.740005
3460  -75.39497
3465  -85.91223
3470  -89.094475
3475  -79.51631
3480  -113.36898
3485  -101.25099
3490  -88.27588
3495  -83.831474
3500  -86.182526
3505  -83.27062
3510  -89.343895
3515  -88.15129
3520  -113.24141
3525  -109.15735
3530  -91.67997
3535  -86.39853
3540  -83.20451
3545  -69.44066
3550  -69.49229
3555  -75.584656
3560  -93.43529
3565  -67.13597
3570  -70.150406
3575  -63.487915
3580  -67.483604
3585  -76.03501
3590  -60.6185
3595  -55.388195
3600  -108.343994
3605  -93.62308
3610  -46.030052
3615  -66.66653
3620  -56.928352
3625  -73.879135
3630  -93.628586
3635  -111.66518
3640  -132.78787
3645  -99.27803
3650  -71.9948
3655  -57.823975
3660  -99.27922
3665  -43.770153
3670  -30.62706
3675  -148.19673
3680  -139.1821
3685  -138.96017
3690  -149.3895
3695  -140.48654
3700  -141.28207
3705  -140.47754
3710  -140.4783
3715  -140.36691
3720  -157.98946
3725  -148.60974
3730  -148.59523
3735  -139.12537
3740  -138.94337
3745  -138.82349
3750  -139.20871
3755  -139.14357
3760  -139.5564
3765  -138.75644
3770  -138.84987
3775  -138.70473
3780  -139.16887
3785  -140.01456
3790  -139.59006
3795  -138.94647
3800  -149.06491
3805  -150.16922
3810  -147.32454
3815  -139.10953
3820  -138.63121
3825  -138.6785
3830  -138.85951
3835  -139.22339
3840  -139.3791
3845  -138.5375
3850  -138.49939
3855  -140.24931
3860  -140.18945
3865  -141.1235
3870  -140.37558
3875  -149.76126
3880  -148.63551
3885  -157.44781
3890  -149.90576
3895  -139.14104
3900  -139.05426
3905  -138.98654
3910  -139.25354
3915  -139.0588
3920  -139.7901
3925  -139.25069
3930  -140.88734
3935  -140.3496
3940  -139.3632
3945  -140.14375
3950  -140.36734
3955  -139.7114
3960  -140.12856
3965  -155.87485
3970  -151.00745
3975  -138.54877
3980  -139.29373
3985  -139.21988
3990  -139.00064
3995  -139.32251
4000  -139.93259
4005  -138.48424
4010  -140.12381
4015  -139.24162
4020  -139.1273
4025  -139.78258
4030  -139.45183
4035  -139.31308
4040  -139.79016
4045  -167.3504
4050  -140.17786
4055  -140.79596
4060  -138.0966
4065  -138.87544
4070  -139.08533
4075  -139.07724
4080  -148.11105
4085  -139.47047
4090  -138.49773
4095  -138.54886
4100  -138.74913
4105  -139.85948
4110  -139.05685
4115  -140.90442
4120  -159.88823
4125  -147.99004
4130  -149.99239
4135  -140.32263
4140  -138.36642
4145  -139.44156
4150  -138.99388
4155  -139.56528
4160  -139.21484
4165  -139.08347
4170  -139.24475
4175  -139.05966
4180  -139.31425
4185  -140.80403
4190  -139.48141
4195  -150.45653
4200  -148.67998
4205  -140.22092
4210  -140.60303
4215  -147.85071
4220  -141.32527
4225  -138.22739
4230  -138.93538
4235  -138.64026
4240  -138.565
4245  -139.5143
4250  -138.78613
4255  -139.64305
4260  -138.2381
4265  -139.97305
4270  -140.82834
4275  -140.36731
4280  -149.29373
4285  -148.6974
4290  -157.26706
4295  -139.4661
4300  -138.75558
4305  -138.22104
4310  -138.41197
4315  -138.6057
4320  -139.64067
4325  -138.40189
4330  -138.32095
4335  -138.90544
4340  -138.58798
4345  -139.81259
4350  -140.81285
4355  -140.83772
4360  -156.22842
4365  -147.47083
4370  -156.04916
4375  -155.96036
4380  -166.03072
4385  -138.58305
4390  -138.66599
4395  -138.93176
4400  -138.9977
4405  -140.39644
4410  -139.16924
4415  -139.29001
4420  -139.61754
4425  -147.27515
4430  -141.08044
4435  -139.6624
4440  -156.31189
4445  -148.2915
4450  -147.48866
4455  -166.48251
4460  -164.87524
4465  -148.25839
4470  -138.73947
4475  -138.44666
4480  -139.36374
4485  -138.39603
4490  -140.62326
4495  -138.44856
4500  -139.8095
4505  -138.41206
4510  -139.4604
4515  -138.97993
4520  -148.97847
4525  -147.08975
4530  -139.78134
4535  -149.86832
4540  -148.35481
4545  -139.33104
4550  -147.12239
4555  -138.96811
4560  -138.54944
4565  -139.3508
4570  -139.72188
4575  -139.11542
4580  -139.90665
4585  -138.94394
4590  -139.96477
4595  -141.16855
4600  -165.75452
4605  -138.18806
4610  -139.85132
4615  -164.84505
4620  -166.01859
4625  -155.98662
4630  -147.34756
4635  -139.16325
4640  -139.21317
4645  -139.58066
4650  -138.76672
4655  -138.7111
4660  -139.81349
4665  -139.28487
4670  -138.84654
4675  -138.2219
4680  -158.50517
4685  -164.95248
4690  -167.20813
4695  -147.42752
4700  -173.7846
4705  -164.91544
4710  -166.02803
4715  -147.28174
4720  -139.79178
4725  -138.86037
4730  -139.66629
4735  -140.93141
4740  -139.94168
4745  -138.61557
4750  -139.56914
4755  -147.90414
4760  -156.73062
4765  -147.57779
4770  -156.4364
4775  -156.42856
4780  -158.24646
4785  -147.17316
4790  -156.41562
4795  -157.00381
4800  -138.98434
4805  -138.68185
4810  -139.37949
4815  -139.39778
4820  -138.8319
4825  -138.81802
4830  -139.5443
4835  -139.54184
4840  -139.3752
4845  -158.37582
4850  -164.89311
4855  -147.561
4860  -156.39116
4865  -139.84491
4870  -157.09283
4875  -158.39568
4880  -138.47858
4885  -138.82387
4890  -138.96994
4895  -139.53256
4900  -139.59584
4905  -138.3354
4910  -139.20467
4915  -139.00081
4920  -149.37059
4925  -139.17708
4930  -139.65173
4935  -140.36623
4940  -139.66603
4945  -139.36592
4950  -140.28903
4955  -140.50327
4960  -139.4677
4965  -138.98528
4970  -139.06277
4975  -138.9332
4980  -139.07071
4985  -138.91614
4990  -138.89958
4995  -139.30974
5000  -139.14601
5005  -141.07663
5010  -140.32735
5015  -139.43607
5020  -140.49324
5025  -139.70926
5030  -140.22603
5035  -140.14148
5040  -149.08926
5045  -139.2374
5050  -139.49158
5055  -139.18646
5060  -138.71313
5065  -139.49588
5070  -138.86621
5075  -138.82034
5080  -139.96463
5085  -139.55806
5090  -140.28336
5095  -140.56224
5100  -138.8699
5105  -140.44028
5110  -139.66745
5115  -142.21423
5120  -138.1973
5125  -147.29315
5130  -139.27667
5135  -139.30516
5140  -139.02275
5145  -139.07407
5150  -139.03476
5155  -138.72557
5160  -139.6196
5165  -148.78647
5170  -140.1101
5175  -140.69502
5180  -140.84653
5185  -138.74887
5190  -139.82036
5195  -139.84328
5200  -141.33286
5205  -147.34885
5210  -139.13422
5215  -139.19836
5220  -139.6764
5225  -138.20706
5230  -138.99612
5235  -139.41405
5240  -140.40639
5245  -140.16339
5250  -142.31256
5255  -141.25055
5260  -139.61618
5265  -139.64922
5270  -140.11154
5275  -140.83084
5280  -149.07254
5285  -148.29729
5290  -139.0835
5295  -139.42374
5300  -139.44185
5305  -138.70692
5310  -139.26436
5315  -138.25587
5320  -139.1878
5325  -139.52719
5330  -141.39648
5335  -141.36868
5340  -140.08206
5345  -140.50705
5350  -140.9622
5355  -140.8323
5360  -139.46902
5365  -164.81075
5370  -139.08871
5375  -138.72359
5380  -139.65633
5385  -139.10237
5390  -139.32674
5395  -139.53723
5400  -139.12851
5405  -138.79306
5410  -139.86064
5415  -140.58089
5420  -139.74141
5425  -139.47284
5430  -141.35526
5435  -141.3287
5440  -149.89328
5445  -148.67111
5450  -148.60529
5455  -139.12946
5460  -139.50089
5465  -139.27267
5470  -138.8581
5475  -139.19392
5480  -140.28284
5485  -140.31995
5490  -139.76924
5495  -138.19553
5500  -139.48817
5505  -139.61612
5510  -139.80142
5515  -141.1889
5520  -148.20618
5525  -157.20303
5530  -165.29202
5535  -147.15152
5540  -138.46735
5545  -139.30957
5550  -138.9876
5555  -139.11813
5560  -138.29227
5565  -140.97568
5570  -138.36557
5575  -138.243
5580  -139.4008
5585  -139.53665
5590  -140.33804
5595  -139.70042
5600  -150.2289
5605  -157.1739
5610  -157.53963
5615  -139.39017
5620  -138.9675
5625  -138.82648
5630  -139.143
5635  -139.21646
5640  -139.23843
5645  -139.44447
5650  -139.42526
5655  -139.72249
5660  -140.16113
5665  -140.65933
5670  -140.14104
5675  -141.60606
5680  -148.22826
5685  -140.63408
5690  -157.19211
5695  -148.75688
5700  -138.38058
5705  -139.7364
5710  -139.0245
5715  -139.2467
5720  -138.27983
5725  -139.50778
5730  -139.69064
5735  -139.85379
5740  -139.84756
5745  -138.252
5750  -140.00189
5755  -141.84235
5760  -147.42792
5765  -148.25554
5770  -138.1882
5775  -147.51791
5780  -139.38931
5785  -138.9001
5790  -138.8741
5795  -139.58281
5800  -139.62845
5805  -139.02878
5810  -139.73434
5815  -138.46077
5820  -146.90788
5825  -139.97931
5830  -139.65384
5835  -140.52412
5840  -139.073
5845  -165.68727
5850  -155.95377
5855  -139.35439
5860  -138.2336
5865  -138.98302
5870  -139.31567
5875  -139.1957
5880  -139.82578
5885  -139.13289
5890  -139.5802
5895  -139.63815
5900  -139.87195
5905  -139.46487
5910  -141.12946
5915  -141.38362
5920  -165.95145
5925  -165.2395
5930  -147.10991
5935  -138.66446
5940  -155.97151
5945  -147.58868
5950  -139.03043
5955  -138.70639
5960  -139.29068
5965  -140.40427
5970  -139.06898
5975  -138.88614
5980  -139.40343
5985  -149.57538
5990  -140.14609
5995  -141.30722
6000  -157.86996
6005  -148.31873
6010  -147.5052
6015  -173.7865
6020  -148.28354
6025  -156.2817
6030  -139.14282
6035  -139.01245
6040  -138.90207
6045  -139.55847
6050  -139.61491
6055  -139.38516
6060  -138.92107
6065  -140.53288
6070  -139.86978
6075  -140.05783
6080  -140.19583
6085  -164.84969
6090  -166.03467
6095  -139.40625
6100  -139.4989
6105  -156.05524
6110  -138.84955
6115  -139.24088
6120  -139.29929
6125  -138.99138
6130  -138.9003
6135  -139.59892
6140  -138.8063
6145  -139.37971
6150  -148.23393
6155  -140.94257
6160  -155.89752
6165  -156.6742
6170  -139.0768
6175  -148.18279
6180  -140.62729
6185  -149.82967
6190  -139.13826
6195  -139.09456
6200  -139.4539
6205  -138.34978
6210  -139.79398
6215  -140.14388
6220  -138.70409
6225  -139.22118
6230  -139.81876
6235  -140.20343
6240  -148.92488
6245  -148.31244
6250  -157.6191
6255  -147.43576
6260  -139.77194
6265  -147.59335
6270  -156.36684
6275  -139.3191
6280  -138.98112
6285  -139.95029
6290  -139.1843
6295  -138.66568
6300  -139.56483
6305  -139.96103
6310  -138.9514
6315  -139.00388
6320  -156.16704
6325  -138.19046
6330  -151.05214
6335  -149.77815
6340  -139.78003
6345  -157.49727
6350  -148.23706
6355  -148.1299
6360  -139.80797
6365  -140.05391
6370  -139.9996
6375  -139.60464
6380  -139.43277
6385  -140.03595
6390  -140.6811
6395  -148.7075
6400  -140.46329
6405  -157.1873
6410  -140.86511
6415  -156.86801
6420  -150.67867
6425  -158.32228
6430  -157.23274
6435  -138.44145
6440  -139.37434
6445  -139.74947
6450  -140.16606
6455  -139.77213
6460  -138.39201
6465  -139.14786
6470  -139.12723
6475  -149.37347
6480  -174.5912
6485  -139.86299
6490  -157.13107
6495  -148.64189
6500  -139.07248
6505  -174.23015
6510  -139.52751
6515  -156.47983
6520  -139.47421
6525  -139.3959
6530  -139.27762
6535  -139.34026
6540  -139.20224
6545  -138.02496
6550  -139.045
6555  -139.4373
6560  -138.69571
6565  -139.72537
6570  -140.13486
6575  -139.92038
6580  -140.57387
6585  -141.27046
6590  -141.32399
6595  -140.37637
6600  -148.91313
6605  -138.8637
6610  -138.70403
6615  -138.89873
6620  -139.13196
6625  -138.95683
6630  -139.23235
6635  -138.15
6640  -139.45045
6645  -140.20076
6650  -141.18774
6655  -142.1105
6660  -139.50659
6665  -141.46786
6670  -140.18661
6675  -139.51674
6680  -148.12573
6685  -139.08847
6690  -139.33823
6695  -139.0693
6700  -139.05186
6705  -138.84238
6710  -138.84341
6715  -138.73035
6720  -138.6644
6725  -140.14255
6730  -140.0179
6735  -139.32141
6740  -141.2136
6745  -138.10576
6750  -141.96886
6755  -142.26306
6760  -157.86642
6765  -140.60483
6770  -139.20976
6775  -139.13272
6780  -138.95638
6785  -139.39651
6790  -139.21004
6795  -139.39453
6800  -139.83218
6805  -147.67593
6810  -139.27621
6815  -140.37544
6820  -139.58313
6825  -140.55989
6830  -140.60661
6835  -139.50967
6840  -139.16008
6845  -140.92923
6850  -138.90797
6855  -139.8741
6860  -139.06192
6865  -139.67082
6870  -139.05933
6875  -139.097
6880  -138.87558
6885  -140.12805
6890  -138.98627
6895  -140.50272
6900  -140.06366
6905  -139.14609
6910  -140.57512
6915  -139.22873
6920  -149.42545
6925  -157.14447
6930  -139.12259
6935  -139.12352
6940  -138.67392
6945  -139.3518
6950  -139.42838
6955  -138.5894
6960  -138.84337
6965  -138.98697
6970  -140.67789
6975  -140.761
6980  -140.91373
6985  -141.2381
6990  -141.56699
6995  -140.12947
7000  -149.74223
7005  -157.21074
7010  -157.02109
7015  -139.26671
7020  -139.01581
7025  -139.07866
7030  -139.03006
7035  -138.50516
7040  -139.479
7045  -139.4572
7050  -140.47464
7055  -140.09424
7060  -139.68185
7065  -141.31036
7070  -138.71974
7075  -140.19257
7080  -139.49678
7085  -165.20627
7090  -146.99248
7095  -139.25208
7100  -139.57043
7105  -138.03548
7110  -138.87558
7115  -139.39316
7120  -138.78015
7125  -140.22272
7130  -138.97552
7135  -139.94547
7140  -141.0579
7145  -141.26712
7150  -140.89935
7155  -140.56152
7160  -147.88895
7165  -155.98396
7170  -140.84456
7175  -148.31277
7180  -138.97165
7185  -138.20036
7190  -139.05002
7195  -139.2508
7200  -139.37015
7205  -139.28966
7210  -138.47202
7215  -139.17451
7220  -140.83716
7225  -141.52274
7230  -140.30133
7235  -141.24683
7240  -149.34225
7245  -165.36719
7250  -139.92302
7255  -141.19913
7260  -138.95491
7265  -139.72185
7270  -138.76901
7275  -139.47995
7280  -139.10233
7285  -139.87393
7290  -139.3507
7295  -139.45796
7300  -140.61046
7305  -140.01732
7310  -140.03497
7315  -139.98288
7320  -149.42677
7325  -147.52841
7330  -174.18729
7335  -157.08423
7340  -139.80402
7345  -139.37666
7350  -138.89095
7355  -137.93388
7360  -138.87285
7365  -140.51738
7370  -140.2749
7375  -138.67725
7380  -148.65964
7385  -140.61487
7390  -140.59811
7395  -139.73135
7400  -156.88676
7405  -165.23404
7410  -149.05142
7415  -155.96048
7420  -148.56467
7425  -138.92888
7430  -139.30392
7435  -138.77597
7440  -138.85657
7445  -138.34116
7450  -139.68849
7455  -139.11919
7460  -138.79982
7465  -139.90817
7470  -139.48091
7475  -140.47934
7480  -148.00226
7485  -147.92557
7490  -149.91841
7495  -148.23972
7500  -148.31625
7505  -138.9935
7510  -138.67552
7515  -139.3212
7520  -139.05733
7525  -139.41196
7530  -139.66612
7535  -138.93546
7540  -138.80815
7545  -140.45605
7550  -139.07094
7555  -140.37265
7560  -138.9632
7565  -164.82289
7570  -139.80797
7575  -164.84727
7580  -147.87045
7585  -147.80684
7590  -138.7755
7595  -138.48624
7600  -138.55618
7605  -139.1479
7610  -139.31987
7615  -140.33218
7620  -139.88065
7625  -139.81699
7630  -141.01103
7635  -139.99506
7640  -148.09683
7645  -164.8083
7650  -173.74753
7655  -148.28488
7660  -148.0188
7665  -138.54109
7670  -138.63797
7675  -138.31534
7680  -139.49985
7685  -138.5592
7690  -138.97087
7695  -139.1571
7700  -138.39444
7705  -139.44693
7710  -140.26892
7715  -141.37622
7720  -156.19778
7725  -156.00764
7730  -138.61374
7735  -155.97603
7740  -148.69707
7745  -140.55586
7750  -138.8593
7755  -138.99257
7760  -139.36676
7765  -140.1149
7770  -139.62204
7775  -138.89241
7780  -139.87787
7785  -138.36282
7790  -148.46518
7795  -140.30437
7800  -139.2851
7805  -147.58002
7810  -148.27744
7815  -156.0732
7820  -140.5494
7825  -166.12117
7830  -138.24867
7835  -139.48941
7840  -140.1672
7845  -139.73389
7850  -138.501
7855  -139.12788
7860  -139.5041
7865  -139.6182
7870  -139.2231
7875  -141.40369
7880  -157.50273
7885  -138.2734
7890  -147.10654
7895  -148.61826
7900  -139.36507
7905  -147.10916
7910  -147.00366
7915  -139.44354
7920  -138.90587
7925  -140.15448
7930  -138.47626
7935  -138.87036
7940  -140.04742
7945  -139.30328
7950  -139.16147
7955  -139.84912
7960  -155.95451
7965  -156.37373
7970  -157.19302
7975  -156.8593
7980  -156.36353
7985  -166.42038
7990  -155.96332
7995  -139.22533
8000  -139.13126
8005  -139.61975
8010  -139.38565
8015  -138.80078
8020  -139.00308
8025  -139.70795
8030  -138.903
8035  -149.08344
8040  -157.89955
8045  -147.49544
8050  -159.52716
8055  -167.18658
8060  -147.59114
8065  -139.36972
8070  -139.73306
8075  -156.22838
8080  -139.95802
8085  -139.70663
8090  -139.47798
8095  -139.00102
8100  -140.12529
8105  -138.87581
8110  -139.73875
8115  -140.28572
8120  -165.93593
8125  -139.65723
8130  -165.2629
8135  -157.56204
8140  -156.03622
8145  -147.49658
8150  -157.08682
8155  -165.99211
8160  -138.84393
8165  -138.99667
8170  -139.44075
8175  -138.78381
8180  -139.40515
8185  -139.08633
8190  -138.76315
8195  -139.19647
8200  -139.68681
8205  -140.77678
8210  -139.8132
8215  -139.40579
8220  -139.16397
8225  -140.25679
8230  -140.37854
8235  -140.1409
8240  -148.37975
8245  -139.28389
8250  -138.4737
8255  -139.60866
8260  -138.89249
8265  -139.32121
8270  -139.32423
8275  -138.92949
8280  -139.31577
8285  -139.64755
8290  -139.44485
8295  -141.33134
8300  -139.90057
8305  -139.82657
8310  -139.99126
8315  -140.12708
8320  -147.57162
8325  -139.53859
8330  -139.05362
8335  -139.10257
8340  -138.44885
8345  -139.10188
8350  -138.33275
8355  -138.82838
8360  -139.18198
8365  -148.88582
8370  -139.68613
8375  -139.85698
8380  -140.8937
8385  -140.55655
8390  -140.26689
8395  -140.31546
8400  -155.86613
8405  -139.21854
8410  -138.23373
8415  -139.22676
8420  -139.00313
8425  -139.54492
8430  -138.94617
8435  -138.82486
8440  -139.14587
8445  -139.05446
8450  -141.93517
8455  -140.63069
8460  -141.10751
8465  -141.7153
8470  -139.65204
8475  -139.0018
8480  -149.0706
8485  -148.41467
8490  -138.51056
8495  -138.93445
8500  -139.11795
8505  -139.18808
8510  -138.78171
8515  -139.26929
8520  -140.51492
8525  -139.07718
8530  -139.19571
8535  -140.74292
8540  -140.87083
8545  -140.19083
8550  -139.95967
8555  -139.55675
8560  -165.23872
8565  -155.9169
8570  -139.33406
8575  -138.95525
8580  -138.899
8585  -139.10768
8590  -139.09851
8595  -138.77893
8600  -139.09648
8605  -139.55534
8610  -140.38898
8615  -138.44759
8620  -140.45248
8625  -140.2108
8630  -141.13513
8635  -139.92175
8640  -139.86166
8645  -166.06958
8650  -138.86368
8655  -139.07664
8660  -138.91818
8665  -139.14987
8670  -139.25137
8675  -138.77835
8680  -139.4248
8685  -139.24388
8690  -139.554
8695  -140.01535
8700  -140.4864
8705  -139.54213
8710  -140.695
8715  -138.98312
8720  -165.54703
8725  -164.87732
8730  -149.80786
8735  -139.41492
8740  -138.38931
8745  -139.25577
8750  -139.42094
8755  -138.85161
8760  -138.77344
8765  -140.04332
8770  -140.06766
8775  -148.67387
8780  -141.35799
8785  -140.95203
8790  -140.14136
8795  -140.22551
8800  -139.3735
8805  -158.69917
8810  -164.87405
8815  -140.13115
8820  -138.06949
8825  -138.67545
8830  -138.88475
8835  -139.2737
8840  -138.65247
8845  -138.83492
8850  -138.4819
8855  -140.19437
8860  -140.1779
8865  -141.15843
8870  -140.21916
8875  -140.42953
8880  -147.9208
8885  -148.23071
8890  -147.049
8895  -139.60332
8900  -138.86441
8905  -138.84193
8910  -138.7426
8915  -138.94792
8920  -139.68831
8925  -140.31924
8930  -138.82648
8935  -139.61299
8940  -139.21962
8945  -139.90572
8950  -140.7194
8955  -140.31189
8960  -165.90474
8965  -157.62267
8970  -148.68019
8975  -138.23409
8980  -139.53061
8985  -138.9487
8990  -139.57713
8995  -139.05032
9000  -138.76978
9005  -139.18266
9010  -138.8909
9015  -140.11807
9020  -140.42221
9025  -141.35577
9030  -140.25989
9035  -138.39415
9040  -147.4947
9045  -164.90874
9050  -148.3204
9055  -149.46727
9060  -139.06705
9065  -139.5514
9070  -138.95866
9075  -139.51718
9080  -139.54239
9085  -139.50273
9090  -138.87968
9095  -139.18289
9100  -138.73067
9105  -141.1508
9110  -140.2482
9115  -140.24283
9120  -157.07849
9125  -139.55644
9130  -147.59111
9135  -158.2787
9140  -139.10208
9145  -138.94391
9150  -138.71915
9155  -138.95767
9160  -140.0391
9165  -139.47006
9170  -139.32239
9175  -138.43352
9180  -139.07521
9185  -148.95052
9190  -140.99641
9195  -139.93094
9200  -139.84253
9205  -158.36737
9210  -148.33945
9215  -157.12161
9220  -148.23077
9225  -147.49399
9230  -139.272
9235  -139.70444
9240  -139.35014
9245  -139.5135
9250  -138.86737
9255  -138.83585
9260  -139.69225
9265  -139.53128
9270  -140.99808
9275  -139.51736
9280  -149.27136
9285  -148.68362
9290  -157.19247
9295  -139.36076
9300  -165.29271
9305  -148.38234
9310  -138.81229
9315  -139.54936
9320  -138.8582
9325  -139.55151
9330  -139.07646
9335  -139.59105
9340  -139.74301
9345  -148.57153
9350  -139.2262
9355  -141.73965
9360  -142.39731
9365  -147.58092
9370  -139.53047
9375  -149.45242
9380  -139.8417
9385  -140.50511
9390  -139.63243
9395  -139.09239
9400  -139.62125
9405  -138.89946
9410  -139.54532
9415  -138.38843
9420  -138.51645
9425  -138.65515
9430  -140.91676
9435  -139.74313
9440  -150.12772
9445  -148.70035
9450  -148.33191
9455  -147.48085
9460  -155.95227
9465  -138.25919
9470  -139.26083
9475  -138.62666
9480  -139.61649
9485  -138.64357
9490  -139.2305
9495  -138.97217
9500  -140.48329
9505  -138.58383
9510  -139.15306
9515  -141.07005
9520  -139.51834
9525  -166.01895
9530  -148.2526
9535  -140.08818
9540  -140.49142
9545  -147.0417
9550  -156.44585
9555  -139.09724
9560  -139.9902
9565  -138.65701
9570  -138.57443
9575  -138.60526
9580  -140.27144
9585  -138.4025
9590  -138.38321
9595  -149.00056
9600  -140.00815
9605  -147.16971
9610  -166.48541
9615  -140.62503
9620  -157.20749
9625  -156.0766
9630  -148.30312
9635  -148.12218
9640  -139.21396
9645  -139.46797
9650  -139.50787
9655  -138.9448
9660  -138.88507
9665  -140.50943
9670  -137.97977
9675  -139.02669
9680  -147.70732
9685  -166.11174
9690  -140.55109
9695  -164.88147
9700  -164.88412
9705  -139.77986
9710  -148.70721
9715  -139.80142
9720  -139.91383
9725  -139.70183
9730  -139.63745
9735  -139.28787
9740  -139.62726
9745  -140.11884
9750  -139.28427
9755  -138.8645
9760  -155.9406
9765  -164.8652
9770  -166.0483
9775  -166.0823
9780  -158.34187
9785  -147.08658
9790  -164.90321
9795  -147.13713
9800  -139.32524
9805  -139.07361
9810  -139.09282
9815  -139.09094
9820  -138.98685
9825  -139.4587
9830  -139.31136
9835  -139.69589
9840  -140.67561
9845  -139.48643
9850  -140.26698
9855  -141.6338
9860  -139.89682
9865  -139.98703
9870  -140.7236
9875  -140.29752
9880  -139.38351
9885  -139.33409
9890  -139.48947
9895  -139.32903
9900  -139.23453
9905  -138.80124
9910  -139.14865
9915  -139.34515
9920  -138.89514
9925  -141.7487
9930  -139.28178
9935  -140.3604
9940  -139.62985
9945  -141.34837
9950  -140.88104
9955  -139.9158
9960  -139.51926
9965  -138.82599
9970  -138.65752
9975  -138.81192
9980  -139.74118
9985  -139.14008
9990  -138.53516
9995  -139.0295
10000  -139.22038
10005  -141.42026
10010  -140.42516
10015  -139.10779
10020  -139.73412
10025  -139.30801
10030  -140.167
10035  -139.46068
10040  -148.12277
10045  -139.67638
10050  -139.22202
10055  -138.81783
10060  -138.92343
10065  -138.93753
10070  -138.42714
10075  -138.43967
10080  -139.66731
10085  -139.58524
10090  -140.27953
10095  -140.17197
10100  -140.50009
10105  -140.1012
10110  -140.38542
10115  -140.6779
10120  -156.33554
10125  -147.23166
10130  -139.25412
10135  -139.1907
10140  -138.74529
10145  -138.50021
10150  -139.4136
10155  -139.56645
10160  -139.23619
10165  -138.95877
10170  -140.41476
10175  -141.37608
10180  -140.79805
10185  -139.60239
10190  -140.92879
10195  -138.71677
10200  -148.90074
10205  -155.93683
10210  -139.40768
10215  -138.65884
10220  -139.17331
10225  -139.66605
10230  -139.05597
10235  -139.07095
10240  -139.50937
10245  -139.64798
10250  -147.56247
10255  -141.2606
10260  -139.7553
10265  -138.86816
10270  -140.13185
10275  -139.31712
10280  -139.4547
10285  -156.47884
10290  -139.8955
10295  -139.09879
10300  -139.25061
10305  -139.54196
10310  -139.21945
10315  -138.9714
10320  -139.17447
10325  -138.8302
10330  -139.89151
10335  -141.20825
10340  -138.84056
10345  -140.12234
10350  -140.69669
10355  -141.28671
10360  -149.28621
10365  -148.65662
10370  -156.32639
10375  -138.80275
10380  -139.46748
10385  -138.6944
10390  -138.44748
10395  -139.11964
10400  -138.99153
10405  -138.39938
10410  -140.75504
10415  -147.24936
10420  -140.37308
10425  -139.2784
10430  -139.81613
10435  -140.95972
10440  -140.18887
10445  -157.52982
10450  -139.72731
10455  -140.1534
10460  -139.59209
10465  -139.11203
10470  -138.95486
10475  -139.22032
10480  -139.3417
10485  -138.57515
10490  -138.72049
10495  -140.4961
10500  -139.52237
10505  -139.87094
10510  -140.04677
10515  -139.49577
10520  -148.24635
10525  -166.0752
10530  -147.53987
10535  -148.64444
10540  -139.1187
10545  -138.69519
10550  -139.06435
10555  -138.66422
10560  -139.29814
10565  -138.6569
10570  -140.17148
10575  -141.63878
10580  -141.2917
10585  -139.811
10590  -140.55199
10595  -139.27771
10600  -140.00508
10605  -149.46501
10610  -147.51022
10615  -150.54556
10620  -139.06018
10625  -139.19315
10630  -138.99597
10635  -138.80215
10640  -139.6572
10645  -140.27737
10650  -139.46114
10655  -139.79321
10660  -148.6402
10665  -140.46196
10670  -139.5549
10675  -138.65623
10680  -140.21567
10685  -148.29427
10690  -147.45581
10695  -148.72844
10700  -139.05823
10705  -139.05112
10710  -138.84055
10715  -139.16023
10720  -139.12915
10725  -139.79137
10730  -139.66136
10735  -139.12854
10740  -140.09657
10745  -141.11069
10750  -139.82466
10755  -139.6286
10760  -142.44656
10765  -148.64835
10770  -138.14694
10775  -167.24228
10780  -148.6606
10785  -138.52109
10790  -139.37833
10795  -139.11694
10800  -139.4486
10805  -139.03142
10810  -139.1454
10815  -140.2055
10820  -139.20079
10825  -140.61226
10830  -140.15952
10835  -139.19385
10840  -157.20798
10845  -147.08702
10850  -164.89993
10855  -157.48886
10860  -148.27022
10865  -139.19649
10870  -139.07977
10875  -138.8737
10880  -139.66321
10885  -140.11148
10890  -140.06198
10895  -140.61418
10900  -138.55887
10905  -139.17757
10910  -141.1865
10915  -139.27795
10920  -157.1375
10925  -164.95456
10930  -148.65297
10935  -165.31398
10940  -166.12553
10945  -147.7543
10950  -138.97147
10955  -139.22769
10960  -139.23946
10965  -139.42502
10970  -140.63452
10975  -139.59818
10980  -139.59872
10985  -148.70047
10990  -141.15457
10995  -141.56798
11000  -164.78531
11005  -148.35382
11010  -155.90622
11015  -148.29959
11020  -155.91757
11025  -147.9659
11030  -138.34576
11035  -138.9559
11040  -138.06744
11045  -139.32797
11050  -140.78763
11055  -138.43546
11060  -139.12416
11065  -139.0089
11070  -139.4908
11075  -140.65924
11080  -165.3792
11085  -148.27356
11090  -167.23196
11095  -147.87332
11100  -156.34337
11105  -139.01358
11110  -139.66971
11115  -139.4831
11120  -139.64609
11125  -139.13399
11130  -139.8994
11135  -140.0006
11140  -139.82452
11145  -139.26517
11150  -140.55078
11155  -140.84737
11160  -147.12537
11165  -155.97656
11170  -166.35728
11175  -149.30191
11180  -156.00656
11185  -157.12842
11190  -156.34872
11195  -138.94711
11200  -140.07748
11205  -139.43881
11210  -138.85773
11215  -138.90132
11220  -137.86868
11225  -139.23105
11230  -139.67998
11235  -147.76013
11240  -148.85263
11245  -165.29929
11250  -149.44096
11255  -157.17722
11260  -156.76135
11265  -158.71188
11270  -166.06245
11275  -139.41313
11280  -139.74077
11285  -140.4229
11290  -140.72188
11295  -139.0236
11300  -139.10327
11305  -138.11845
11310  -137.95314
11315  -148.23268
11320  -156.73189
11325  -148.76562
11330  -167.2349
11335  -166.08072
11340  -157.41501
11345  -157.62172
11350  -148.292
11355  -139.01367
11360  -139.1127
11365  -139.17923
11370  -139.14981
11375  -139.14432
11380  -139.57793
11385  -139.11595
11390  -139.4751
11395  -147.94756
11400  -148.58458
11405  -139.7803
11410  -147.1786
11415  -147.54636
11420  -148.68185
11425  -156.37634
11430  -155.99068
11435  -139.78094
11440  -138.97226
11445  -139.21933
11450  -139.45247
11455  -139.56548
11460  -138.97012
11465  -139.521
11470  -139.53978
11475  -138.89743
11480  -141.12952
11485  -141.44487
11490  -140.33371
11495  -138.92448
11500  -140.29176
11505  -140.62794
11510  -140.29268
11515  -141.19193
11520  -148.36595
11525  -139.65178
11530  -138.51945
11535  -139.05035
11540  -138.96101
11545  -139.015
11550  -139.07088
11555  -139.48732
11560  -140.62534
11565  -141.62177
11570  -139.86636
11575  -140.4904
11580  -140.39261
11585  -140.52568
11590  -140.70049
11595  -141.26276
11600  -148.49483
11605  -139.25455
11610  -138.59912
11615  -139.0199
11620  -139.16216
11625  -138.9806
11630  -139.29436
11635  -139.2363
11640  -139.46455
11645  -148.66043
11650  -139.21194
11655  -140.63412
11660  -140.26355
11665  -139.52434
11670  -140.35825
11675  -140.09282
11680  -140.33203
11685  -138.93771
11690  -138.87439
11695  -138.95128
11700  -139.06412
11705  -139.2692
11710  -138.96274
11715  -138.6459
11720  -139.20413
11725  -139.37125
11730  -141.12357
11735  -141.74283
11740  -140.57304
11745  -139.6143
11750  -140.07352
11755  -140.3234
11760  -139.34663
11765  -149.38591
11770  -139.16965
11775  -139.73398
11780  -138.81514
11785  -138.47305
11790  -138.8508
11795  -138.66243
11800  -139.58801
11805  -148.83725
11810  -139.54419
11815  -140.59702
11820  -141.57846
11825  -140.68217
11830  -140.06999
11835  -140.42795
11840  -157.07378
11845  -166.81229
11850  -138.98372
11855  -138.81921
11860  -138.87628
11865  -138.82751
11870  -138.94333
11875  -138.91496
11880  -138.5848
11885  -138.87633
11890  -138.90356
11895  -139.4744
11900  -140.31813
11905  -139.42664
11910  -140.18518
11915  -141.76286
11920  -148.34352
11925  -138.56271
11930  -139.51367
11935  -139.32161
11940  -138.80606
11945  -139.15498
11950  -138.69049
11955  -139.56877
11960  -139.99026
11965  -139.84329
11970  -148.37943
11975  -139.78406
11980  -139.25742
11985  -140.63974
11990  -140.29099
11995  -139.53284
12000  -147.18839
12005  -156.01169
12010  -140.52411
12015  -139.6192
12020  -138.7258
12025  -139.57593
12030  -139.14175
12035  -138.70468
12040  -139.80225
12045  -139.25375
12050  -139.46637
12055  -148.73271
12060  -139.99893
12065  -140.13809
12070  -140.80173
12075  -141.01566
12080  -147.30093
12085  -156.39049
12090  -173.72153
12095  -138.56467
12100  -139.36948
12105  -139.11464
12110  -138.9938
12115  -139.51662
12120  -138.44614
12125  -138.38245
12130  -138.7418
12135  -140.17136
12140  -140.21086
12145  -139.93704
12150  -141.63794
12155  -139.40756
12160  -147.71834
12165  -164.86871
12170  -155.99985
12175  -138.68497
12180  -139.81454
12185  -138.84537
12190  -138.43547
12195  -139.0029
12200  -139.47336
12205  -139.07407
12210  -138.98187
12215  -138.45456
12220  -140.36934
12225  -140.79855
12230  -140.79004
12235  -138.39116
12240  -147.6261
12245  -147.02151
12250  -155.96439
12255  -139.65701
12260  -138.93196
12265  -138.63821
12270  -139.29391
12275  -139.23636
12280  -138.85735
12285  -139.07909
12290  -139.10619
12295  -139.7659
12300  -138.2196
12305  -139.79718
12310  -140.16446
12315  -139.93375
12320  -157.0903
12325  -155.99727
12330  -147.5195
12335  -138.20715
12340  -156.65842
12345  -139.35202
12350  -139.39844
12355  -138.6181
12360  -139.85432
12365  -139.01254
12370  -139.02559
12375  -139.34795
12380  -147.81311
12385  -140.25563
12390  -140.11877
12395  -139.98772
12400  -139.28763
12405  -139.72775
12410  -156.05917
12415  -138.13675
12420  -148.16202
12425  -138.86356
12430  -138.58575
12435  -139.31104
12440  -138.87483
12445  -139.15477
12450  -139.19646
12455  -139.30968
12460  -138.90504
12465  -146.9545
12470  -140.01604
12475  -140.50864
12480  -139.55602
12485  -139.70432
12490  -139.26974
12495  -139.36598
12500  -138.7675
12505  -138.36203
12510  -138.68846
12515  -138.92424
12520  -139.78912
12525  -147.86598
12530  -138.54633
12535  -138.51587
12540  -138.73663
12545  -140.73668
12550  -147.6115
12555  -140.10794
12560  -140.00609
12565  -139.67323
12570  -148.66435
12575  -139.76688
12580  -139.49133
12585  -148.4742
12590  -139.93735
12595  -138.90283
12600  -147.32263
12605  -147.48697
12610  -139.1989
12615  -139.40659
12620  -140.2811
12625  -139.36311
12630  -148.94858
12635  -141.00172
12640  -141.93954
12645  -139.85779
12650  -149.48563
12655  -148.5923
12660  -139.74564
12665  -149.83032
12670  -138.97153
12675  -148.34055
12680  -140.12053
12685  -139.70438
12690  -139.91348
12695  -139.40433
12700  -139.7308
12705  -139.87321
12710  -139.91536
12715  -148.68498
12720  -140.9626
12725  -141.26556
12730  -140.50107
12735  -141.02243
12740  -150.82089
12745  -148.8394
12750  -139.0213
12755  -167.33076
12760  -148.87704
12765  -147.60744
12770  -138.98325
12775  -139.02664
12780  -138.60458
12785  -140.68013
12790  -141.09735
12795  -149.90683
12800  -139.40633
12805  -140.66594
12810  -140.98837
12815  -142.25027
12820  -141.03275
12825  -149.15132
12830  -140.8319
12835  -150.48056
12840  -141.56822
12845  -141.81238
12850  -141.04173
12855  -142.1242
12860  -140.77654
12865  -141.81364
12870  -142.08861
12875  -141.6219
12880  -142.33566
12885  -141.72751
12890  -142.02753
12895  -141.24365
12900  -141.7042
12905  -142.08504
12910  -141.67416
12915  -141.16658
12920  -140.95284
12925  -141.02342
12930  -140.98785
12935  -141.80502
12940  -141.45459
12945  -142.16438
12950  -142.50497
12955  -152.07956
12960  -145.42622
12965  -145.40567
12970  -145.43575
12975  -145.33495
12980  -145.15305
12985  -145.77234
12990  -145.21317
12995  -144.79468
13000  -144.9921
13005  -144.66829
13010  -144.6625
13015  -139.52016
13020  -144.85825
13025  -152.83502
13030  -146.42383
13035  -144.85896
13040  -145.62785
13045  -145.5899
13050  -153.53218
13055  -144.87332
13060  -145.8851
13065  -146.8361
13070  -145.86032
13075  -144.08948
13080  -153.54817
13085  -139.42659
13090  -144.71176
13095  -153.24446
13100  -144.34778
13105  -148.58871
13110  -146.2048
13115  -144.77951
13120  -139.81734
13125  -139.81342
13130  -162.451
13135  -133.09602
13140  -154.72884
13145  -142.026
13150  -140.30081
13155  -147.6777
13160  -145.41292
13165  -139.2795
13170  -145.37215
13175  -153.2072
13180  -145.54602
13185  -153.4539
13190  -153.80757
13195  -154.50066
13200  -163.45767
13205  -167.25264
13210  -162.16289
13215  -146.43454
13220  -151.9638
13225  -158.52425
13230  -148.21393
13235  -159.10075
13240  -168.77681
13245  -166.89743
13250  -152.09052
13255  -173.70206
13260  -161.4926
13265  -184.05745
13270  -162.81477
13275  -153.08133
13280  -129.12215
13285  -125.90129
13290  -126.70265
13295  -148.83179
13300  -140.07706
13305  -157.97946
13310  -155.14392
13315  -151.78679
13320  -133.56226
13325  -151.77507
13330  -176.69473
13335  -153.4369
13340  -145.33115
13345  -144.45854
13350  -140.43889
13355  -151.93723
13360  -174.85219
13365  -166.84604
13370  -144.92545
13375  -163.32039
13380  -144.11723
13385  -159.79536
13390  -151.73306
13395  -158.42656
13400  -164.93352
13405  -168.89438
13410  -161.89743
13415  -156.89632
13420  -151.41382
13425  -152.37277
13430  -153.81607
13435  -166.48412
13440  -160.89954
13445  -153.82854
13450  -159.09479
13455  -170.6647
13460  -172.28296
13465  -165.18472
13470  -173.89021
13475  -165.21404
13480  -149.08199
13485  -165.0581
13490  -155.65721
13495  -172.9842
13500  -166.62534
13505  -154.1287
13510  -179.11826
13515  -160.89568
13520  -153.60165
13525  -158.12543
13530  -154.78152
13535  -133.91585
13540  -152.1361
13545  -152.03049
13550  -159.38033
13555  -140.77817
13560  -153.9428
13565  -151.7333
13570  -130.33289
13575  -148.36087
13580  -159.06209
13585  -162.4413
13590  -164.34697
13595  -176.04736
13600  -163.45465
13605  -150.6157
13610  -135.61465
13615  -153.00813
13620  -167.42
13625  -155.75565
13630  -138.09439
13635  -168.2394
13640  -134.74039
13645  -154.28654
13650  -139.94002
13655  -164.75035
13660  -169.35925
13665  -166.1032
13670  -155.43077
13675  -142.63567
13680  -165.3811
13685  -139.95312
13690  -143.68918
13695  -146.83183
13700  -161.5064
13705  -159.82175
13710  -151.58363
13715  -184.95381
13720  -171.14091
13725  -166.99756
13730  -156.85022
13735  -169.79208
13740  -147.12527
13745  -145.2062
13750  -166.63861
13755  -156.94379
13760  -144.6661
13765  -157.41643
13770  -158.4913
13775  -142.2642
13780  -184.32625
13785  -154.92374
13790  -185.45454
13795  -141.20784
13800  -177.69705
13805  -141.46736
13810  -148.96402
13815  -163.87204
13820  -157.9791
13825  -162.58646
13830  -149.38576
13835  -171.06348
13840  -153.70993
13845  -171.92896
13850  -140.62766
13855  -157.65146
13860  -173.279
13865  -160.45201
13870  -153.38443
13875  -165.02441
13880  -164.57494
13885  -130.40765
13890  -162.41081
13895  -177.77625
13900  -161.12964
13905  -161.22751
13910  -159.26721
13915  -149.61365
13920  -149.13876
13925  -161.82106
13930  -176.49365
13935  -177.7745
13940  -160.27737
13945  -129.11308
13950  -133.25554
13955  -174.12938
13960  -150.02791
13965  -151.44772
13970  -166.3646
13975  -173.45078
13980  -183.95158
13985  -161.05367
13990  -148.42993
13995  -165.41745
14000  -161.64368
14005  -161.65952
14010  -160.25717
14015  -153.5546
14020  -173.38666
14025  -160.07562
14030  -172.47588
14035  -163.6655
14040  -137.68233
14045  -185.2642
14050  -185.17188
14055  -165.63092
14060  -161.48178
14065  -161.14555
14070  -172.90482
14075  -173.6595
14080  -183.8027
14085  -184.14435
14090  -184.38492
14095  -176.70993
14100  -161.71855
14105  -135.2664
14110  -185.47885
14115  -185.20686
14120  -165.5408
14125  -177.31372
14130  -160.70851
14135  -143.94466
14140  -149.59787
14145  -136.1677
14150  -171.84555
14155  -184.91312
14160  -171.944
14165  -163.06383
14170  -185.25453
14175  -176.8688
14180  -160.70055
14185  -177.90497
14190  -176.65555
14195  -169.79024
14200  -140.93037
14205  -140.78217
14210  -162.2292
14215  -140.05496
14220  -150.36438
14225  -163.18974
14230  -158.31833
14235  -163.35594
14240  -164.91391
14245  -144.89343
14250  -173.14352
14255  -137.74155
14260  -169.6906
14265  -145.84677
14270  -176.3363
14275  -177.98074
14280  -165.21736
14285  -141.53592
14290  -162.71324
14295  -146.29753
14300  -168.89937
14305  -154.58156
14310  -163.62843
14315  -135.93582
14320  -185.79439
14325  -130.01395
14330  -171.33266
14335  -158.3235
14340  -157.3182
14345  -154.28647
14350  -165.32724
14355  -177.60379
14360  -160.63127
14365  -175.29427
14370  -149.77327
14375  -161.66956
14380  -157.60785
14385  -165.48743
14390  -173.02164
14395  -177.01021
14400  -172.27234
14405  -159.51118
14410  -139.12955
14415  -140.5666
14420  -127.96914
14425  -137.9156
14430  -136.72388
14435  -153.6275
14440  -139.18709
14445  -148.87463
14450  -146.10475
14455  -145.19057
14460  -146.30696
14465  -136.08568
14470  -129.48987
14475  -130.21402
14480  -137.87027
14485  -139.89615
14490  -147.94496
14495  -137.04713
14500  -148.69522
14505  -133.57271
14510  -139.5642
14515  -124.108055
14520  -125.275894
14525  -140.91188
14530  -140.1763
14535  -139.05786
14540  -151.34758
14545  -142.83243
14550  -126.383224
14555  -138.43552
14560  -141.41797
14565  -137.99693
14570  -146.91983
14575  -150.62527
14580  -156.78635
14585  -142.6132
14590  -135.26236
14595  -151.09053
14600  -135.06119
14605  -148.2128
14610  -149.02982
14615  -137.04062
14620  -144.59377
14625  -126.79045
14630  -156.62036
14635  -144.60294
14640  -147.52773
14645  -132.93477
14650  -123.51668
14655  -146.76453
14660  -158.85378
14665  -154.77225
14670  -158.28638
14675  -120.3646
14680  -148.97864
14685  -152.06712
14690  -139.10486
14695  -133.7742
14700  -129.33647
14705  -143.9565
14710  -128.89798
14715  -135.77994
14720  -128.68571
14725  -157.76848
14730  -140.35893
14735  -126.58685
14740  -145.49268
14745  -145.91965
14750  -131.3697
14755  -145.8554
14760  -148.8646
14765  -146.40237
14770  -152.2594
14775  -142.33603
14780  -145.59445
14785  -159.5423
14790  -128.04015
14795  -158.10574
14800  -126.62705
14805  -140.47331
14810  -135.01613
14815  -127.93308
14820  -141.5918
14825  -135.95752
14830  -146.4399
14835  -135.96152
14840  -138.23027
14845  -161.37674
14850  -155.55222
14855  -132.45631
14860  -138.35559
14865  -171.10062
14870  -128.41722
14875  -137.19499
14880  -150.46268
14885  -122.39744
14890  -149.35983
14895  -148.95053
14900  -140.6878
14905  -152.49152
14910  -125.816284
14915  -117.32168
14920  -122.541405
14925  -132.28859
14930  -125.83075
14935  -135.3854
14940  -142.21785
14945  -133.04697
14950  -128.69153
14955  -143.91756
14960  -134.73738
14965  -142.56348
14970  -120.652664
14975  -142.46153
14980  -146.47713
14985  -143.01663
14990  -124.03599
14995  -130.84323
15000  -135.64326
15005  -125.59867
15010  -117.466286
15015  -144.15169
15020  -125.001366
15025  -125.10604
15030  -128.69746
15035  -121.19922
15040  -138.40524
15045  -126.83872
15050  -124.14785
15055  -129.389
15060  -127.86574
15065  -146.53531
15070  -130.95306
15075  -126.234985
15080  -131.67154
15085  -134.02371
15090  -131.07443
15095  -131.21931
15100  -152.98845
15105  -128.28458
15110  -134.44919
15115  -164.75993
15120  -142.79912
15125  -123.9798
15130  -148.10088
15135  -142.05948
15140  -160.40845
15145  -129.93715
15150  -133.10313
15155  -127.40334
15160  -125.14347
15165  -128.5992
15170  -148.23032
15175  -124.2885
15180  -142.86105
15185  -134.26567
15190  -137.9219
15195  -133.83185
15200  -137.30756
15205  -129.1603
15210  -140.2264
15215  -130.423
15220  -137.41539
15225  -130.98766
15230  -135.94717
15235  -125.30084
15240  -130.06416
15245  -122.19887
15250  -135.07002
15255  -122.79729
15260  -120.500534
15265  -128.93344
15270  -128.49294
15275  -131.0813
15280  -134.37561
15285  -125.6637
15290  -130.81937
15295  -125.56718
15300  -151.72958
15305  -136.95918
15310  -127.564064
15315  -141.33382
15320  -131.45352
15325  -154.28029
15330  -136.85826
15335  -129.26416
15340  -137.53682
15345  -139.18857
15350  -125.186325
15355  -141.2979
15360  -145.87082
15365  -154.64949
15370  -140.82451
15375  -144.96461
15380  -134.02484
15385  -129.60153
15390  -128.58052
15395  -141.83545
15400  -128.19792
15405  -134.82962
15410  -133.64851
15415  -139.2742
15420  -141.52322
15425  -135.33604
15430  -126.320946
15435  -131.60199
15440  -146.63779
15445  -140.8618
15450  -146.40239
15455  -130.76773
15460  -141.23502
15465  -132.96988
15470  -143.17648
15475  -133.04605
15480  -154.16951
15485  -132.74643
15490  -132.9293
15495  -128.13568
15500  -152.28716
15505  -138.99971
15510  -142.21227
15515  -129.50143
15520  -139.67136
15525  -149.3517
15530  -140.27573
15535  -122.77012
15540  -130.50015
15545  -142.70717
15550  -133.9045
15555  -143.22128
15560  -126.583664
15565  -133.74716
15570  -140.72531
15575  -149.67325
15580  -123.008804
15585  -129.6262
15590  -126.68474
15595  -124.911415
15600  -138.56868
15605  -123.28567
15610  -126.18286
15615  -129.3331
15620  -152.60751
15625  -159.0757
15630  -142.59695
15635  -154.28886
15640  -167.23636
15645  -161.95955
15650  -130.02328
15655  -137.26039
15660  -132.19264
15665  -126.906784
15670  -120.04684
15675  -160.99617
15680  -139.52356
15685  -124.72349
15690  -143.2989
15695  -142.63095
15700  -143.51
15705  -128.4119
15710  -123.75791
15715  -130.42336
15720  -138.85063
15725  -133.42184
15730  -156.6176
15735  -142.99529
15740  -131.92595
15745  -153.83989
15750  -149.45778
15755  -131.16797
15760  -135.75458
15765  -128.96579
15770  -137.43867
15775  -146.81334
15780  -157.93762
15785  -159.21674
15790  -136.36552
15795  -127.327126
15800  -142.70529
15805  -131.80368
15810  -161.63791
15815  -154.54356
15820  -153.76656
15825  -133.53857
15830  -127.955444
15835  -125.90607
15840  -123.248535
15845  -137.06367
15850  -148.69125
15855  -151.93219
15860  -141.79767
15865  -169.97954
15870  -137.47118
15875  -143.93831
15880  -165.5689
15885  -147.78024
15890  -137.02675
15895  -148.49231
15900  -141.63322
15905  -153.75818
15910  -136.66048
15915  -141.50977
15920  -137.40555
15925  -141.67892
15930  -135.16818
15935  -141.08041
15940  -136.41133
15945  -124.61229
15950  -149.13663
15955  -123.29689
15960  -137.21114
15965  -128.43327
15970  -138.91284
15975  -126.879166
15980  -139.38675
15985  -135.099
15990  -121.25098
15995  -136.9202
16000  -125.74031
16005  -135.02206
16010  -161.4786
16015  -152.45824
16020  -134.9773
16025  -146.8887
16030  -133.76653
16035  -132.99516
16040  -133.63326
16045  -130.81857
16050  -129.17648
16055  -124.90611
16060  -120.91661
16065  -147.9923
16070  -119.57263
16075  -146.79764
16080  -158.61786
16085  -122.0276
16090  -146.1821
16095  -121.23611
16100  -149.35886
16105  -137.14389
16110  -143.75923
16115  -136.0491
16120  -127.098434
16125  -123.00364
16130  -149.91124
16135  -131.66986
16140  -135.40845
16145  -159.54268
16150  -123.42517
16155  -153.58986
16160  -174.0607
16165  -123.939926
16170  -135.57751
16175  -141.90857
16180  -135.33627
16185  -122.579544
16190  -143.85617
16195  -131.3645
16200  -129.5127
16205  -127.83024
16210  -142.35951
16215  -143.31337
16220  -153.81914
16225  -136.73749
16230  -151.07626
16235  -133.56082
16240  -122.01803
16245  -154.90617
16250  -149.31416
16255  -128.50206
16260  -177.15103
16265  -140.7045
16270  -153.68616
16275  -143.96957
16280  -164.68486
16285  -143.2845
16290  -127.63399
16295  -136.17815
16300  -128.57777
16305  -139.03716
16310  -138.54822
16315  -146.26918
16320  -138.31845
16325  -165.11331
16330  -144.46933
16335  -132.67998
16340  -131.98944
16345  -154.98596
16350  -151.8962
16355  -143.14308
16360  -137.15219
16365  -143.17236
16370  -141.84096
16375  -135.95569
16380  -138.65012
16385  -135.18817
16390  -133.01216
16395  -141.68257
16400  -147.85562
16405  -148.27922
16410  -133.36255
16415  -142.39117
16420  -150.24353
16425  -125.5718
16430  -124.097855
16435  -142.05214
16440  -142.16507
16445  -134.30965
16450  -131.68848
16455  -149.04219
16460  -128.35306
16465  -132.19054
16470  -128.40976
16475  -144.64243
16480  -121.312515
16485  -132.24017
16490  -141.56865
16495  -147.7135
16500  -160.45569
16505  -139.30759
16510  -150.73616
16515  -150.9762
16520  -148.60703
16525  -141.90688
16530  -141.82275
16535  -140.03894
16540  -162.06645
16545  -161.42241
16550  -140.71059
16555  -171.00145
16560  -132.22292
16565  -139.17888
16570  -139.49748
16575  -150.26285
16580  -151.28134
16585  -149.53044
16590  -153.00644
16595  -142.85959
16600  -135.2813
16605  -136.99796
16610  -152.1929
16615  -171.36137
16620  -149.72556
16625  -148.5534
16630  -139.20055
16635  -148.64096
16640  -136.04459
16645  -135.14752
16650  -139.5203
16655  -157.33688
16660  -148.51025
16665  -139.69867
16670  -141.1987
16675  -141.71144
16680  -134.37451
16685  -134.01938
16690  -171.20045
16695  -140.67299
16700  -150.35864
16705  -170.97841
16710  -149.83804
16715  -150.27771
16720  -135.5242
16725  -134.07419
16730  -157.47552
16735  -139.39758
16740  -141.10928
16745  -141.8206
16750  -141.61862
16755  -161.31255
16760  -134.55936
16765  -131.55164
16770  -160.08963
16775  -159.96057
16780  -151.11821
16785  -138.21259
16790  -137.56982
16795  -139.15062
16800  -134.3654
16805  -135.53198
16810  -143.24976
16815  -141.81694
16820  -137.56491
16825  -149.095
16830  -140.9176
16835  -151.81383
16840  -141.2904
16845  -133.94429
16850  -136.8249
16855  -138.91464
16860  -150.22702
16865  -151.82564
16870  -159.95093
16875  -137.12653
16880  -136.2615
16885  -133.25206
16890  -133.74998
16895  -143.58186
16900  -150.2291
16905  -139.79651
16910  -149.304
16915  -139.85982
16920  -137.84268
16925  -133.33951
16930  -134.16034
16935  -139.52634
16940  -139.67197
16945  -149.52306
16950  -140.08865
16955  -162.08546
16960  -137.10683
16965  -134.23616
16970  -136.96844
16975  -149.25641
16980  -140.25107
16985  -140.01634
16990  -140.69978
16995  -158.97348
17000  -146.24617
17005  -133.18916
17010  -134.51433
17015  -138.9895
17020  -149.94586
17025  -149.75903
17030  -143.09523
17035  -140.67886
17040  -136.49872
17045  -129.56696
17050  -133.95041
17055  -136.93742
17060  -140.47452
17065  -151.8403
17070  -149.04338
17075  -149.36003
17080  -135.32861
17085  -137.27144
17090  -136.42528
17095  -132.37761
17100  -159.43245
17105  -138.29709
17110  -150.07564
17115  -141.14066
17120  -147.67482
17125  -131.21402
17130  -131.30202
17135  -133.0112
17140  -150.24776
17145  -158.62704
17150  -139.3842
17155  -139.30507
17160  -134.54427
17165  -133.97765
17170  -135.00044
17175  -131.8996
17180  -137.86734
17185  -138.58797
17190  -139.0124
17195  -141.73688
17200  -132.17561
17205  -137.17671
17210  -147.02365
17215  -133.6698
17220  -138.9952
17225  -138.72592
17230  -139.85991
17235  -139.59183
17240  -141.77779
17245  -136.39432
17250  -133.35376
17255  -136.04091
17260  -147.99509
17265  -139.63297
17270  -150.23926
17275  -138.61995
17280  -146.54216
17285  -132.11786
17290  -136.13264
17295  -134.05472
17300  -145.08742
17305  -152.01749
17310  -137.44687
17315  -142.92299
17320  -135.7557
17325  -136.43547
17330  -135.67029
17335  -133.14056
17340  -134.1646
17345  -170.48239
17350  -142.41364
17355  -139.51303
17360  -134.2981
17365  -136.71025
17370  -137.32022
17375  -135.73761
17380  -136.01463
17385  -139.88232
17390  -142.23114
17395  -141.3075
17400  -135.01169
17405  -133.5878
17410  -137.14746
17415  -137.46858
17420  -137.93237
17425  -140.4135
17430  -139.96207
17435  -141.4041
17440  -147.0704
17445  -132.56482
17450  -134.68799
17455  -130.3428
17460  -134.34944
17465  -138.95525
17470  -140.31586
17475  -142.19333
17480  -135.82927
17485  -137.11069
17490  -137.85834
17495  -135.69405
17500  -132.03629
17505  -138.16617
17510  -140.52371
17515  -140.96228
17520  -135.17807
17525  -134.84482
17530  -137.49564
17535  -135.09383
17540  -137.03105
17545  -138.34506
17550  -140.1786
17555  -151.89456
17560  -149.26395
17565  -132.53271
17570  -134.7417
17575  -136.9642
17580  -134.87538
17585  -138.52792
17590  -139.26883
17595  -139.95583
17600  -138.52788
17605  -137.11743
17610  -136.78088
17615  -134.99086
17620  -137.26653
17625  -137.1287
17630  -139.30066
17635  -150.29135
17640  -139.26176
17645  -135.05763
17650  -132.59544
17655  -134.75754
17660  -134.79094
17665  -132.59865
17670  -146.34396
17675  -152.23471
17680  -138.39423
17685  -138.54099
17690  -138.19925
17695  -137.23694
17700  -134.40239
17705  -136.71985
17710  -137.65823
17715  -140.76016
17720  -135.85995
17725  -136.10248
17730  -134.98096
17735  -137.14316
17740  -137.01805
17745  -135.01114
17750  -136.04916
17755  -140.52673
17760  -135.73592
17765  -134.90251
17770  -134.64532
17775  -134.88876
17780  -137.61142
17785  -137.18494
17790  -137.123
17795  -139.55931
17800  -134.93094
17805  -137.51872
17810  -133.16383
17815  -134.68942
17820  -137.23515
17825  -135.20274
17830  -132.75626
17835  -136.80643
17840  -137.5155
17845  -134.86356
17850  -137.26053
17855  -137.69072
17860  -137.14154
17865  -135.09683
17870  -137.63277
17875  -134.71512
17880  -137.34094
17885  -135.30984
17890  -132.82826
17895  -134.71628
17900  -132.65044
17905  -137.54446
17910  -130.3806
17915  -135.49051
17920  -141.03075
17925  -133.58492
17930  -135.53821
17935  -131.5362
17940  -135.55713
17945  -135.81924
17950  -135.5092
17955  -133.78699
17960  -136.36171
17965  -135.78755
17970  -134.073
17975  -134.62076
17980  -135.95255
17985  -133.68925
17990  -133.80972
17995  -133.59288
18000  -134.8384
18005  -136.59177
18010  -135.75508
18015  -135.10484
18020  -137.11836
18025  -134.37431
18030  -134.9272
18035  -135.61641
18040  -135.05602
18045  -135.36429
18050  -137.53806
18055  -135.64404
18060  -135.03146
18065  -136.11304
18070  -137.20842
18075  -136.3004
18080  -135.35335
18085  -136.92271
18090  -135.61028
18095  -135.95615
18100  -136.50424
18105  -134.71289
18110  -134.09372
18115  -138.50513
18120  -136.76228
18125  -134.78986
18130  -137.13107
18135  -136.01591
18140  -138.19374
18145  -135.14247
18150  -134.3868
18155  -138.7753
18160  -135.94046
18165  -137.05222
18170  -136.04697
18175  -135.42322
18180  -135.49663
18185  -135.26152
18190  -134.71469
18195  -136.29636
18200  -135.87491
18205  -134.77365
18210  -137.22192
18215  -134.62737
18220  -139.47505
18225  -135.91414
18230  -136.11064
18235  -134.99112
18240  -135.45523
18245  -135.47722
18250  -136.00764
18255  -134.48935
18260  -136.70198
18265  -134.5538
18270  -136.354
18275  -134.69064
18280  -136.66774
18285  -134.102
18290  -136.74359
18295  -137.77393
18300  -134.65916
18305  -137.29631
18310  -136.16911
18315  -136.26639
18320  -135.00342
18325  -134.0623
18330  -135.92722
18335  -138.20236
18340  -135.62698
18345  -134.66512
18350  -139.35727
18355  -136.01648
18360  -133.67488
18365  -135.5284
18370  -135.45847
18375  -137.59093
18380  -136.31438
18385  -135.96591
18390  -134.94553
18395  -137.24503
18400  -133.68446
18405  -134.15988
18410  -137.1018
18415  -135.44807
18420  -135.83882
18425  -136.1099
18430  -137.49141
18435  -138.79297
18440  -134.13579
18445  -134.28362
18450  -144.32019
18455  -141.43835
18460  -135.67978
18465  -130.67862
18470  -135.49869
18475  -141.75287
18480  -172.31453
18485  -127.09232
18490  -141.36043
18495  -128.1207
18500  -154.98592
18505  -147.14359
18510  -142.1348
18515  -137.06567
18520  -144.65935
18525  -128.13644
18530  -146.42969
18535  -119.17714
18540  -117.47102
18545  -136.92484
18550  -132.31198
18555  -135.4623
18560  -139.92705
18565  -155.49913
18570  -123.51369
18575  -136.46236
18580  -117.50838
18585  -145.12961
18590  -148.4216
18595  -114.534195
18600  -119.94258
18605  -139.52327
18610  -133.43753
18615  -131.24118
18620  -145.89285
18625  -133.40677
18630  -144.98853
18635  -138.12381
18640  -134.1185
18645  -146.46704
18650  -126.49876
18655  -144.9725
18660  -153.983
18665  -152.21732
18670  -130.70216
18675  -137.99185
18680  -149.83224
18685  -173.80557
18690  -161.27605
18695  -150.44025
18700  -149.80391
18705  -143.20944
18710  -127.64602
18715  -123.87157
18720  -142.36227
18725  -135.82573
18730  -149.09921
18735  -169.91202
18740  -156.51909
18745  -116.925804
18750  -128.27612
18755  -165.9134
18760  -147.94199
18765  -131.37135
18770  -175.2807
18775  -171.973
18780  -172.2653
18785  -159.5985
18790  -147.29984
18795  -155.95198
18800  -167.26532
18805  -174.2535
18810  -149.7622
18815  -161.70647
18820  -169.6371
18825  -185.4946
18830  -160.38203
18835  -159.33443
18840  -169.4505
18845  -174.85759
18850  -154.03595
18855  -173.06201
18860  -126.61034
18865  -185.1621
18870  -177.07431
18875  -173.09915
18880  -165.17899
18885  -164.44666
18890  -173.37553
18895  -155.09793
18900  -165.08139
18905  -179.11163
18910  -156.82503
18915  -171.47818
18920  -184.5458
18925  -185.48592
18930  -177.39664
18935  -183.78662
18940  -141.58278
18945  -130.6475
18950  -140.60677
18955  -120.59633
18960  -140.46664
18965  -146.38974
18970  -127.72917
18975  -153.31485
18980  -129.45854
18985  -145.57356
18990  -154.4229
18995  -146.51328
19000  -134.28777
19005  -141.36691
19010  -133.52747
19015  -132.12376
19020  -120.606
19025  -127.50387
19030  -130.6644
19035  -151.25568
19040  -161.60031
19045  -140.35623
19050  -156.70401
19055  -131.92932
19060  -146.09367
19065  -137.87381
19070  -149.46077
19075  -162.43335
19080  -157.57758
19085  -144.43826
19090  -160.82587
19095  -146.1882
19100  -145.44485
19105  -153.25925
19110  -157.1211
19115  -168.60281
19120  -142.62007
19125  -174.60056
19130  -155.61592
19135  -145.74075
19140  -174.37971
19145  -143.39453
19150  -149.57034
19155  -151.30562
19160  -156.78403
19165  -154.67868
19170  -163.39543
19175  -145.25241
19180  -160.71622
19185  -149.44637
19190  -145.68892
19195  -152.80183
19200  -139.72433
19205  -173.20747
19210  -151.59793
19215  -168.86934
19220  -133.5282
19225  -157.81023
19230  -150.19919
19235  -127.14262
19240  -138.27914
19245  -135.36238
19250  -151.74776
19255  -161.64621
19260  -154.35277
19265  -149.61176
19270  -164.4498
19275  -151.17294
19280  -149.84932
19285  -149.46278
19290  -153.48799
19295  -150.27608
19300  -126.38241
19305  -127.23789
19310  -161.2291
19315  -145.82097
19320  -156.81229
19325  -135.2291
19330  -156.57014
19335  -151.36873
19340  -153.09135
19345  -143.22049
19350  -135.07114
19355  -149.75273
19360  -155.96622
19365  -139.96184
19370  -134.68674
19375  -153.52103
19380  -158.62808
19385  -158.4209
19390  -139.83745
19395  -129.45056
19400  -147.38058
19405  -145.02217
19410  -152.73567
19415  -148.19075
19420  -148.06769
19425  -145.28667
19430  -156.0217
19435  -140.57982
19440  -165.17386
19445  -154.22922
19450  -155.84886
19455  -156.22354
19460  -159.05473
19465  -139.90451
19470  -148.40651
19475  -142.80298
19480  -157.43167
19485  -133.987
19490  -163.73723
19495  -147.45316
19500  -141.31197
19505  -154.26775
19510  -153.13712
19515  -157.0414
19520  -177.81975
19525  -152.15443
19530  -159.22249
19535  -160.17052
19540  -140.7129
19545  -151.6268
19550  -165.60947
19555  -158.90488
19560  -141.32213
19565  -157.3602
19570  -165.87045
19575  -157.62338
19580  -148.14136
19585  -167.37337
19590  -163.97409
19595  -149.01018
19600  -167.85506
19605  -167.27402
19610  -166.34924
19615  -151.08499
19620  -148.27753
19625  -177.74983
19630  -185.53996
19635  -158.15952
19640  -149.21553
19645  -167.57768
19650  -176.8364
19655  -158.62024
19660  -149.93297
19665  -139.34941
19670  -167.47018
19675  -177.50174
19680  -176.53242
19685  -185.9022
19690  -185.61784
19695  -176.40544
19700  -175.92711
19705  -185.23738
19710  -186.31479
19715  -186.67288
19720  -186.93167
19725  -177.2695
19730  -185.96704
19735  -167.82495
19740  -141.20749
19745  -159.06503
19750  -140.1171
19755  -139.89365
19760  -139.81107
19765  -150.0006
19770  -140.00056
19775  -140.33328
19780  -149.84781
19785  -141.14056
19790  -150.55693
19795  -140.68869
19800  -140.8951
19805  -139.92912
19810  -141.0715
19815  -150.29056
19820  -149.66333
19825  -149.34955
19830  -140.64005
19835  -149.9205
19840  -139.66898
19845  -139.62924
19850  -149.76076
19855  -150.42145
19860  -149.78043
19865  -140.44336
19870  -140.98091
19875  -149.1803
19880  -140.93146
19885  -149.4094
19890  -140.77878
19895  -141.16026
19900  -140.76443
19905  -140.26784
19910  -140.52481
19915  -140.22597
19920  -140.7812
19925  -160.16359
19930  -159.32825
19935  -159.52917
19940  -158.93379
19945  -149.91496
19950  -140.08948
19955  -140.42856
19960  -169.42097
19965  -139.67801
19970  -148.39754
19975  -149.37447
19980  -148.50761
19985  -158.0198
19990  -159.09204
19995  -149.02191
20000  -168.1005