_Episode _MeanReward
5 -127.60443000000001
10 -115.73772
15 -115.54140500000001
20 -123.54503000000001
25 -128.22226
30 -117.37019
35 -106.21902
40 -140.0573
45 -120.687256
50 -116.94651999999999
55 -113.15883000000001
60 -116.52399
65 -118.59796000000001
70 -126.59871000000001
75 -129.09158
80 -126.738976
85 -124.95467
90 -119.75185400000001
95 -120.65228
100 -123.543625
105 -116.68571000000001
110 -121.18286
115 -127.543015
120 -124.2548
125 -121.66388
130 -125.64001499999999
135 -127.91003400000001
140 -124.78435
145 -121.3587
150 -126.71433
155 -125.40812
160 -122.92928
165 -114.37406999999999
170 -123.08018
175 -122.76686000000001
180 -117.85883999999999
185 -113.514175
190 -114.86758
195 -115.05937
200 -122.38995
205 -121.68242
210 -119.91508
215 -118.54431000000001
220 -118.55696
225 -114.152
230 -115.32462
235 -111.79468
240 -109.75896000000002
245 -113.16463
250 -103.92644
255 -104.9843
260 -99.709595
265 -101.519005
270 -103.61743
275 -117.78792
280 -102.86505
285 -112.77836599999999
290 -111.93746000000002
295 -109.94989
300 -110.14573
305 -115.91492
310 -109.93883000000001
315 -109.65436000000001
320 -114.182396
325 -107.27344
330 -104.70652
335 -96.21401
340 -86.283066
345 -91.870605
350 -85.48271
355 -88.787926
360 -109.62997
365 -99.855255
370 -98.41261
375 -74.892044
380 -79.41886
385 -83.51173399999999
390 -72.187546
395 -91.76969
400 -82.70045
405 -79.79345
410 -69.31584000000001
415 -106.84495
420 -74.43005
425 -83.2148
430 -91.79897
435 -99.23525
440 -97.81869499999999
445 -107.75828
450 -80.21008
455 -77.922104
460 -90.86935
465 -94.77755
470 -89.62563
475 -69.23965
480 -74.40306
485 -88.20018
490 -61.62989
495 -77.4575
500 -62.627359999999996
505 -60.31649
510 -52.011140000000005
515 -52.864697
520 -40.620945
525 -66.4535
530 -67.86961
535 -76.59829
540 -87.13739
545 -95.08801
550 -79.70344
555 -45.83214
560 -69.91154
565 -40.408096
570 -60.71233
575 -70.311
580 -50.891000000000005
585 -16.962704000000002
590 -13.328748000000001
595 -12.143455
600 -58.304005000000004
605 -82.60744
610 -27.331278
615 -33.984383
620 -51.383086999999996
625 -7.627495
630 -26.354767
635 -90.098434
640 -58.95981999999999
645 -99.43114
650 -112.12173
655 -56.537804
660 -33.133858000000004
665 -15.273544000000001
670 -10.206486
675 -22.660084
680 -19.653559
685 -20.201664
690 -70.12398
695 -34.964046
700 -13.405804999999999
705 -9.012152
710 -5.166104
715 -9.205439
720 -29.562313
725 -27.582464
730 -66.27762
735 -62.47812
740 -23.432669
745 -14.946892000000002
750 12.004953
755 -60.401295
760 -80.131
765 -36.048485
770 -23.411459
775 -41.263905
780 -18.206192
785 -5.0278816
790 -19.528475
795 6.998011
800 -22.992275
805 -39.13493
810 -54.239635
815 -19.189228
820 -38.0291
825 26.55307
830 -8.487819
835 -77.33452
840 -20.445507
845 21.999899
850 2.9065986
855 -36.015614
860 -87.22721999999999
865 -0.7851760999999999
870 25.920803
875 -71.07582
880 -55.278248
885 -6.195447
890 -29.292315999999996
895 -6.834633999999999
900 -27.224915000000003
905 31.496265
910 53.495216000000006
915 4.5766800000000005
920 -69.55644000000001
925 -13.342157
930 -43.909003999999996
935 27.604640000000003
940 25.555126
945 -126.473145
950 -81.13716
955 -87.48584
960 -93.94481
965 -84.78220999999999
970 -87.429016
975 -46.472027000000004
980 -64.8699
985 -51.143196
990 -89.655106
995 -72.754776
1000 -81.2606
1005 -62.19053
1010 -37.871468
1015 -21.140407999999997
1020 -33.233936
1025 -25.400322
1030 36.20286
1035 41.046867
1040 41.612057
1045 26.85235
1050 -48.80545
1055 -11.687246
1060 -72.23998
1065 -70.35185
1070 -19.294748000000002
1075 -80.994286
1080 15.06189
1085 3.0679748
1090 39.819794
1095 49.479434999999995
1100 77.67244000000001
1105 0.24632263
1110 43.116657000000004
1115 52.54665
1120 50.120537
1125 32.25663
1130 11.6876745
1135 51.863354
1140 82.44226
1145 83.87026
1150 34.502983
1155 67.420364
1160 84.43325
1165 72.82242600000001
1170 86.18043
1175 52.004690000000004
1180 87.91815
1185 91.912704
1190 36.976738
1195 39.722248
1200 60.57311
1205 54.214592
1210 96.11149
1215 95.297874
1220 85.58795
1225 59.174213
1230 58.505359999999996
1235 90.4349
1240 50.746871999999996
1245 89.61803
1250 81.898476
1255 89.491455
1260 25.736324
1265 91.575455
1270 60.67396
1275 37.693687
1280 78.90389
1285 59.528890000000004
1290 72.03884000000001
1295 43.015068
1300 -15.042651000000001
1305 21.486628
1310 58.399840000000005
1315 60.982098
1320 52.700798
1325 67.37868
1330 71.31407
1335 74.27894
1340 70.10831999999999
1345 45.820656
1350 74.91721
1355 65.29573
1360 72.4256
1365 80.404335
1370 74.04184000000001
1375 48.147957
1380 81.68553
1385 85.95053
1390 58.97439
1395 71.553635
1400 38.312459999999994
1405 46.283913
1410 80.05539
1415 72.8427
1420 69.844475
1425 45.77738
1430 76.19323
1435 82.25846999999999
1440 92.19612
1445 93.52105999999999
1450 98.11717
1455 106.83033999999999
1460 68.72315
1465 110.91028999999999
1470 111.11323999999999
1475 82.90703
1480 75.79419
1485 80.84985
1490 116.17698999999999
1495 122.91488000000001
1500 80.83574
1505 120.83420600000001
1510 103.95799
1515 144.26183
1520 53.265892
1525 -16.944588
1530 70.78904
1535 -44.88046
1540 3.6109505
1545 17.504848000000003
1550 -45.765495
1555 -0.19688264
1560 -38.809437
1565 -7.9062166
1570 -61.29707
1575 -33.939987
1580 -71.959885
1585 -80.117386
1590 -66.61009
1595 -22.605
1600 -45.87696
1605 -28.14803
1610 60.596367
1615 -1.1268784
1620 2.2304597000000004
1625 53.120056000000005
1630 2.9364967
1635 138.63977
1640 61.377846
1645 48.055424
1650 23.324564000000002
1655 4.2980394
1660 110.26466
1665 31.663559000000003
1670 9.278277000000001
1675 57.220592
1680 -16.875006
1685 -14.133585
1690 20.619474
1695 -6.322845500000001
1700 111.781876
1705 44.59888
1710 -10.687242999999999
1715 55.659819999999996
1720 6.812440400000001
1725 78.0078
1730 145.63518
1735 97.05516
1740 160.10422
1745 76.47638
1750 7.7615685
1755 -58.290490000000005
1760 26.517605
1765 37.37505
1770 47.40325
1775 84.91277
1780 -5.163333000000001
1785 87.68723
1790 44.57108
1795 69.53575
1800 131.43163
1805 127.53216599999999
1810 63.244457
1815 135.99055
1820 41.480614
1825 105.9444
1830 112.81383999999998
1835 109.04085
1840 139.54227
1845 134.86983
1850 64.11668399999999
1855 129.5663
1860 135.37524
1865 77.160995
1870 88.99611
1875 91.7773
1880 143.9276
1885 122.63286000000001
1890 117.85376000000001
1895 143.70685
1900 114.39200600000001
1905 123.41705
1910 151.14313
1915 146.12321
1920 91.45914499999999
1925 142.69974
1930 143.05377
1935 152.3431
1940 152.88506
1945 128.89584
1950 134.4674
1955 111.990036
1960 146.4458
1965 138.05115
1970 156.36353
1975 110.72488
1980 160.22176000000002
1985 151.6926
1990 100.30251
1995 154.51738
2000 113.4373
2005 150.63087
2010 149.32828
2015 114.602806
2020 148.59946000000002
2025 64.13685600000001
2030 98.89928
2035 154.49194
2040 126.81338000000001
2045 125.44318999999999
2050 154.64005
2055 151.90762
2060 154.70978
2065 157.00662
2070 107.696335
2075 165.9691
2080 95.99531999999999
2085 173.98198
2090 100.605125
2095 177.97905
2100 163.02675
2105 169.03688
2110 56.22165699999999
2115 153.9567
2120 150.3452
2125 162.18563999999998
2130 169.02765
2135 162.96182
2140 180.65323
2145 81.86069499999999
2150 138.78452
2155 137.9266
2160 24.752684
2165 119.75522600000001
2170 58.225547999999996
2175 128.4037
2180 69.85211
2185 130.98415
2190 118.538376
2195 92.743484
2200 89.048874
2205 61.493446
2210 116.35248
2215 -14.207048
2220 -52.338173
2225 -55.808980000000005
2230 -9.450269
2235 -56.94294
2240 -10.589404
2245 102.15697
2250 8.281575
2255 138.6854
2260 173.88194
2265 50.707783
2270 104.19556
2275 30.550558000000002
2280 29.862
2285 108.57293999999999
2290 63.10398000000001
2295 44.052417999999996
2300 169.73807
2305 93.5699
2310 164.69743
2315 79.65964
2320 131.97754
2325 122.99263
2330 100.45382
2335 128.05864
2340 158.05952
2345 33.914665
2350 129.13466
2355 155.93413
2360 166.32565
2365 113.87024
2370 134.23376000000002
2375 81.34624000000001
2380 100.051254
2385 80.49056
2390 139.71475
2395 143.36911
2400 147.02226000000002
2405 156.4385
2410 145.95493000000002
2415 152.36234
2420 154.79582
2425 171.62698
2430 86.81356
2435 180.16872
2440 173.42395
2445 189.9475
2450 177.18379
2455 195.58853
2460 130.12305
2465 191.31512
2470 127.497375
2475 190.82299999999998
2480 193.18355
2485 192.58755
2490 186.04735
2495 188.72646
2500 198.10713
2505 193.47853
2510 203.47948
2515 131.14746
2520 152.93901
2525 161.03374
2530 195.2734
2535 198.39969
2540 199.33455
2545 192.29166
2550 197.6356
2555 201.79895
2560 193.05042
2565 204.60811
2570 132.05058
2575 172.8779
2580 176.87456
2585 142.07939
2590 138.54492
2595 100.09339
2600 162.72942
2605 200.22378999999998
2610 183.4484
2615 133.1713
2620 141.95131999999998
2625 150.62906999999998
2630 154.38834
2635 183.58113
2640 195.81224
2645 165.63501000000002
2650 126.50568999999999
2655 144.96005
2660 162.69402
2665 181.14938
2670 143.59665
2675 137.68527
2680 171.84306
2685 165.37999
2690 187.18855
2695 189.47879
2700 83.144966
2705 176.3782
2710 92.2646
2715 135.56933999999998
2720 160.4457
2725 130.5119
2730 133.60422
2735 140.4951
2740 80.55475600000001
2745 83.46101999999999
2750 102.47191
2755 118.26908
2760 137.28246000000001
2765 71.31738
2770 158.77455
2775 167.418
2780 126.34511599999999
2785 137.47734
2790 162.53589
2795 164.20259
2800 90.31675
2805 100.13823000000001
2810 88.24243
2815 134.9864
2820 168.81534
2825 167.34085
2830 104.30592
2835 130.92473
2840 178.64139
2845 165.47827
2850 168.18167
2855 179.28874
2860 145.52786
2865 92.18424
2870 167.32445
2875 197.7369
2880 169.63744
2885 193.89462
2890 202.68044
2895 168.9813
2900 199.10255
2905 167.9956
2910 190.37343
2915 189.97566
2920 203.68686
2925 198.83049
2930 206.12393
2935 204.57715
2940 204.90967
2945 210.2043
2950 160.11746000000002
2955 206.73868000000002
2960 206.65967
2965 207.60513
2970 207.93814
2975 171.20923
2980 207.21622
2985 211.37027
2990 215.49356
2995 35.37513
3000 99.50753
3005 181.15628
3010 116.28475
3015 210.57487000000003
3020 211.64782999999997
3025 165.83095
3030 7.0117199999999995
3035 122.41656499999999
3040 153.56345
3045 166.78749
3050 91.39343000000001
3055 209.49893
3060 51.438057
3065 177.62222
3070 211.97884
3075 150.43553
3080 182.32573
3085 106.58731999999999
3090 211.7624
3095 134.21384
3100 22.149160000000002
3105 24.514841
3110 -18.932365
3115 53.82422
3120 108.49858
3125 170.86385
3130 168.39278000000002
3135 192.62712
3140 200.56083999999998
3145 159.24036999999998
3150 200.92282
3155 56.572365000000005
3160 199.78162
3165 114.96665
3170 135.50882
3175 133.944
3180 128.52986
3185 167.6106
3190 171.70271
3195 170.57957
3200 168.36014
3205 122.09121
3210 94.862755
3215 141.45085
3220 150.72794
3225 148.58344
3230 183.06555
3235 158.75883000000002
3240 182.29247
3245 180.81387
3250 143.04523999999998
3255 185.23178000000001
3260 145.11966999999999
3265 195.19441
3270 188.12233999999998
3275 194.70073
3280 96.73625
3285 62.246025
3290 201.94713000000002
3295 172.77127
3300 176.10007
3305 198.18803
3310 199.52867
3315 169.6271
3320 200.45407
3325 200.50171
3330 162.49997
3335 198.58342
3340 144.25723
3345 176.49833999999998
3350 209.0444
3355 209.81342999999998
3360 142.95078
3365 160.55208000000002
3370 149.53806
3375 177.51218
3380 82.71785
3385 166.74126
3390 157.74568
3395 135.56943
3400 130.1598
3405 81.18126
3410 223.31436000000002
3415 161.34665
3420 222.40877999999998
3425 194.4613
3430 170.4941
3435 218.99031000000002
3440 214.99572999999998
3445 218.91747999999998
3450 219.40596000000002
3455 218.84382999999997
3460 185.76883
3465 221.73928999999998
3470 218.94013999999999
3475 212.35043
3480 211.0839
3485 159.27194
3490 164.49219
3495 212.7177
3500 181.00271999999998
3505 195.80585
3510 54.847668000000006
3515 146.50595
3520 122.738266
3525 115.16723999999999
3530 161.38751000000002
3535 76.92836
3540 168.58838
3545 136.9616
3550 114.699844
3555 124.55479
3560 191.43196
3565 103.87685400000001
3570 166.14876
3575 164.255
3580 157.39862
3585 192.88351
3590 153.91846
3595 177.46507
3600 161.35596
3605 121.44468
3610 210.84384
3615 121.0731
3620 153.10117
3625 165.64694
3630 201.11813
3635 189.71306
3640 160.43274
3645 203.00491
3650 176.11885
3655 206.81308
3660 201.94241
3665 210.44477999999998
3670 182.83736000000002
3675 183.76633
3680 196.73837
3685 186.19356000000002
3690 185.63194
3695 191.97253
3700 195.12277
3705 168.02776
3710 168.87202
3715 102.5079
3720 107.26893600000001
3725 139.93283
3730 158.52763000000002
3735 145.47432
3740 153.01645
3745 130.00737
3750 153.83945
3755 153.03159
3760 152.19814
3765 161.68282
3770 179.65788
3775 120.71316000000002
3780 135.70663000000002
3785 155.62866
3790 153.12961
3795 168.00833
3800 84.27144
3805 1.2048957
3810 -9.313725999999999
3815 -40.112716999999996
3820 -33.041472999999996
3825 23.129644
3830 26.05249
3835 -38.327354
3840 -58.74587
3845 -47.41087
3850 -37.896477000000004
3855 -86.777916
3860 -83.431175
3865 -36.64783
3870 -64.54615
3875 -89.221176
3880 -65.03752
3885 -75.38363000000001
3890 -90.36204000000001
3895 -89.84361
3900 -88.7585
3905 -93.91979
3910 -98.76069
3915 -94.20576
3920 -78.276855
3925 -92.38381
3930 -92.05723
3935 -87.1075
3940 -94.93689
3945 -100.45251999999999
3950 -98.548294
3955 -105.97447
3960 -101.06793
3965 -98.60808
3970 -91.11863000000001
3975 -98.01729
3980 -101.16656
3985 -97.25455
3990 -105.35756
3995 -108.2664
4000 -81.589966
4005 -110.42036399999999
4010 -108.94333999999999
4015 -110.50481
4020 -108.13708500000001
4025 -121.80171999999999
4030 -118.14718
4035 -118.45742
4040 -116.242874
4045 -110.08821999999999
4050 -117.51798000000001
4055 -90.76602
4060 -120.189674
4065 -117.27408999999999
4070 -120.30656
4075 -131.15689
4080 -115.96165
4085 -122.47832
4090 -116.5709
4095 -101.68656999999999
4100 -118.93465
4105 -117.88216000000001
4110 -106.77176999999999
4115 -121.17258500000001
4120 -115.61663999999999
4125 -116.19496000000001
4130 -123.10306499999999
4135 -115.35006000000001
4140 -118.8631
4145 -132.89983999999998
4150 -122.88958999999998
4155 -94.00589000000001
4160 -115.37402
4165 -90.57189
4170 -111.29123999999999
4175 -121.87993
4180 -76.05929
4185 -136.1973
4190 -106.60390500000001
4195 -129.47653
4200 -119.4848
4205 -133.26248
4210 -126.98344399999999
4215 -127.90566000000001
4220 -116.35754399999999
4225 -146.95157
4230 -122.67456000000001
4235 -98.07395
4240 -119.41559
4245 -124.33833999999999
4250 -114.77045
4255 -130.60701
4260 -101.64653
4265 -125.22488
4270 -88.61803
4275 -122.62398
4280 -115.76073000000001
4285 -108.00143999999999
4290 -124.53047
4295 -126.34188
4300 -117.6782
4305 -133.98924
4310 -142.59601999999998
4315 -141.6622
4320 -127.81087
4325 -107.12532
4330 -150.05716
4335 -138.62576
4340 -119.37827
4345 -147.46756000000002
4350 -131.87076000000002
4355 -139.27261000000001
4360 -136.22372
4365 -124.23118000000001
4370 -119.863846
4375 -94.8061
4380 -92.41768
4385 -97.63863
4390 -96.75349399999999
4395 -99.4645
4400 -94.34315
4405 -120.14595
4410 -121.02981000000001
4415 -117.812744
4420 -108.00013999999999
4425 -105.88641000000001
4430 -155.75673999999998
4435 -148.6523
4440 -115.51687
4445 -114.74925
4450 -139.66959
4455 -134.2576
4460 -127.42003000000001
4465 -124.77891000000001
4470 -159.67819
4475 -127.64117399999999
4480 -120.79573
4485 -119.87211599999999
4490 -119.85998500000001
4495 -119.05598400000001
4500 -117.89171999999999
4505 -119.544655
4510 -123.31172
4515 -128.67746
4520 -120.32523
4525 -119.45248000000001
4530 -119.33146
4535 -119.16117
4540 -118.99293999999999
4545 -119.45373500000001
4550 -121.51151999999999
4555 -127.87196000000002
4560 -119.72453
4565 -120.823586
4570 -119.45133999999999
4575 -119.35876499999999
4580 -119.49531599999999
4585 -118.03648000000001
4590 -121.65566000000001
4595 -126.9453
4600 -117.284424
4605 -118.97854
4610 -118.11106000000001
4615 -118.989174
4620 -118.99503999999999
4625 -119.13353000000001
4630 -119.56518600000001
4635 -122.41469
4640 -120.5508
4645 -119.43021399999999
4650 -117.59995
4655 -119.42283
4660 -119.18886
4665 -119.99202
4670 -119.44147
4675 -123.18782
4680 -120.18318000000001
4685 -119.30757
4690 -118.339554
4695 -118.25706000000001
4700 -120.29063000000001
4705 -118.77991000000002
4710 -119.36052
4715 -120.800316
4720 -118.79526499999999
4725 -119.75291399999999
4730 -119.35411
4735 -119.53036999999999
4740 -119.70498
4745 -119.75693500000001
4750 -119.063576
4755 -118.25388999999998
4760 -119.35023999999999
4765 -118.714905
4770 -119.46293999999999
4775 -117.30202
4780 -121.76813999999999
4785 -118.78135
4790 -119.41803
4795 -121.41489399999999
4800 -118.31555
4805 -118.43616999999999
4810 -118.87648999999999
4815 -118.66524
4820 -120.02533000000001
4825 -120.17145
4830 -119.29356000000001
4835 -118.47153999999999
4840 -122.17988999999999
4845 -118.17041
4850 -118.624794
4855 -119.41367
4860 -118.996475
4865 -119.28428000000001
4870 -119.07208
4875 -119.58421000000001
4880 -122.982666
4885 -126.19124
4890 -130.26616
4895 -130.53746
4900 -123.55731000000002
4905 -130.09673
4910 -124.795616
4915 -127.63519
4920 -125.60647
4925 -125.78375
4930 -126.40708000000001
4935 -123.0385
4940 -124.46217
4945 -123.1807
4950 -126.68131000000001
4955 -129.17155
4960 -121.32826000000001
4965 -122.866905
4970 -123.63181999999999
4975 -123.50917
4980 -126.70841999999999
4985 -126.25295
4990 -125.51626
4995 -125.47471999999999
5000 -121.13515
5005 -125.02446
5010 -124.31331999999999
5015 -119.5343
5020 -129.9826
5025 -121.4173
5030 -125.49306000000001
5035 -123.11543
5040 -122.36606599999999
5045 -123.35779
5050 -124.0287
5055 -122.69696
5060 -123.101234
5065 -123.42991
5070 -123.00991
5075 -119.55601499999999
5080 -120.2499
5085 -120.04109
5090 -120.03583
5095 -121.159325
5100 -123.225204
5105 -120.77818
5110 -120.9637
5115 -119.26633500000001
5120 -121.18678
5125 -123.25223999999999
5130 -125.19386999999999
5135 -123.32664
5140 -122.86084
5145 -122.81761000000002
5150 -125.13788999999998
5155 -123.88058999999998
5160 -120.99497
5165 -123.57251000000001
5170 -129.32866
5175 -124.12422
5180 -127.21812
5185 -128.0364
5190 -124.90763000000001
5195 -127.03488999999999
5200 -121.50338
5205 -121.40288000000001
5210 -127.51671
5215 -126.61381000000002
5220 -129.83559
5225 -128.87926000000002
5230 -125.96408999999998
5235 -126.11418
5240 -121.16866
5245 -118.913
5250 -128.96115
5255 -128.92699
5260 -125.98955
5265 -125.13616999999999
5270 -126.70808400000001
5275 -128.4437
5280 -120.47898
5285 -118.33086999999999
5290 -120.71543999999999
5295 -129.77731
5300 -126.79722
5305 -128.33286999999999
5310 -124.96656999999999
5315 -134.91063
5320 -120.99678999999999
5325 -119.10983999999999
5330 -125.6282
5335 -131.23933
5340 -127.35874
5345 -126.53133000000001
5350 -127.478004
5355 -126.76973000000001
5360 -123.08164
5365 -119.615036
5370 -127.16121000000001
5375 -127.7395
5380 -125.18392
5385 -129.68242
5390 -127.88753
5395 -129.54514
5400 -122.89198
5405 -118.78513000000001
5410 -121.09413
5415 -129.91574
5420 -125.532936
5425 -130.21892
5430 -132.92758
5435 -132.10263
5440 -121.53113
5445 -119.16899
5450 -119.04744
5455 -125.18776000000001
5460 -123.29448000000001
5465 -121.093704
5470 -124.2664
5475 -126.78884
5480 -121.54683
5485 -119.88004
5490 -121.11405
5495 -123.06858999999999
5500 -122.85173
5505 -125.72843
5510 -121.65486000000001
5515 -126.87488
5520 -122.065575
5525 -120.4031
5530 -118.45652
5535 -124.93614
5540 -124.80241000000001
5545 -123.808655
5550 -123.57616999999999
5555 -127.205
5560 -122.18528
5565 -118.79216000000001
5570 -118.26017
5575 -123.21593999999999
5580 -122.48616000000001
5585 -121.25625
5590 -128.00271999999998
5595 -124.432594
5600 -120.04258
5605 -122.673096
5610 -118.74916999999999
5615 -123.655075
5620 -122.30793999999999
5625 -124.45663
5630 -126.20881999999999
5635 -121.566
5640 -117.98700000000001
5645 -118.20121999999999
5650 -119.21616000000002
5655 -117.56571000000001
5660 -122.80056
5665 -120.147545
5670 -120.55681000000001
5675 -123.631226
5680 -118.239525
5685 -117.80488600000001
5690 -120.34988
5695 -118.28379
5700 -118.463394
5705 -123.07405
5710 -123.988304
5715 -121.39780400000001
5720 -116.69013999999999
5725 -118.97563000000001
5730 -118.76213
5735 -115.32366999999999
5740 -114.19962
5745 -122.41022
5750 -123.3125
5755 -124.481346
5760 -122.277405
5765 -119.47573
5770 -119.41322
5775 -119.28088000000001
5780 -121.897484
5785 -121.66127
5790 -130.57983000000002
5795 -124.902115
5800 -123.11238999999999
5805 -119.54523
5810 -117.74355
5815 -118.02417
5820 -118.7888
5825 -123.84347
5830 -121.82306000000001
5835 -118.937454
5840 -119.19718999999999
5845 -112.17348500000001
5850 -116.66335
5855 -115.82208
5860 -116.35392
5865 -121.44301599999999
5870 -124.862206
5875 -118.26692
5880 -111.78011000000001
5885 -108.715576
5890 -109.35355
5895 -111.20853999999999
5900 -108.77936000000001
5905 -116.19989
5910 -122.86259
5915 -123.688354
5920 -112.79593999999999
5925 -112.0756
5930 -108.07672
5935 -108.24488999999998
5940 -106.63816000000001
5945 -116.85573600000001
5950 -116.485374
5955 -115.48812
5960 -111.69447
5965 -110.92837
5970 -108.57737
5975 -111.44242
5980 -111.5366
5985 -111.46101999999999
5990 -121.0286
5995 -115.26924
6000 -111.41386399999999
6005 -110.58474
6010 -110.74851000000001
6015 -110.966995
6020 -108.53506999999999
6025 -112.468994
6030 -113.532936
6035 -113.04626499999999
6040 -114.21307
6045 -117.45216
6050 -114.3385
6055 -109.80162
6060 -113.569626
6065 -117.74473
6070 -121.24271999999999
6075 -124.08225
6080 -110.505775
6085 -114.7094
6090 -116.470474
6095 -115.57085
6100 -121.73173
6105 -117.07700000000001
6110 -122.54579
6115 -123.80155
6120 -121.41798999999999
6125 -118.86048999999998
6130 -120.22566
6135 -121.45888000000001
6140 -120.21157
6145 -118.408615
6150 -124.11488
6155 -121.6745
6160 -119.88403000000001
6165 -118.70857
6170 -122.33962
6175 -120.53346
6180 -119.48208999999999
6185 -118.23013999999999
6190 -121.21092
6195 -125.77036000000001
6200 -121.167725

6205  -124.92035
6210  -125.47461
6215  -125.178055
6220  -127.52086
6225  -128.38847
6230  -127.27273
6235  -127.61565
6240  -128.03549
6245  -126.02971
6250  -127.95266
6255  -129.9834
6260  -126.416405
6265  -127.83134
6270  -125.2419
6275  -128.61893
6280  -125.651146
6285  -122.01677
6290  -126.36116
6295  -131.63113
6300  -129.32118
6305  -126.48417
6310  -126.99351
6315  -126.74846
6320  -125.334595
6325  -122.27395
6330  -121.706726
6335  -130.27615
6340  -124.553406
6345  -130.32469
6350  -128.3283
6355  -129.74144
6360  -128.10988
6365  -120.56399
6370  -125.64687
6375  -123.02861
6380  -125.074936
6385  -130.21933
6390  -124.307884
6395  -126.29877
6400  -125.50653
6405  -119.06749
6410  -123.806435
6415  -125.285995
6420  -127.15017
6425  -123.2477
6430  -128.50815
6435  -130.70218
6440  -128.70921
6445  -120.289185
6450  -124.02116
6455  -130.42708
6460  -129.95218
6465  -125.60686
6470  -129.5126
6475  -125.2021
6480  -123.733765
6485  -120.44484
6490  -121.73918
6495  -126.21889
6500  -129.20438
6505  -127.00484
6510  -124.569336
6515  -128.34204
6520  -129.16005
6525  -125.40784
6530  -114.09761
6535  -118.75427
6540  -119.50621
6545  -121.56419
6550  -120.47612
6555  -119.416824
6560  -117.202225
6565  -111.66349
6570  -116.69314
6575  -119.80382
6580  -115.69562
6585  -113.81099
6590  -119.92932
6595  -117.42812
6600  -115.83614
6605  -117.96493
6610  -113.62189
6615  -118.23604
6620  -111.55589
6625  -119.548996
6630  -121.024826
6635  -122.343735
6640  -112.92826
6645  -113.31907
6650  -115.64812
6655  -112.71267
6660  -114.75576
6665  -110.78892
6670  -114.153076
6675  -116.416626
6680  -116.27293
6685  -108.55772
6690  -108.02849
6695  -108.39818
6700  -114.909195
6705  -116.174576
6710  -124.1861
6715  -110.08315
6720  -109.25431
6725  -108.24153
6730  -106.89541
6735  -106.73063
6740  -120.490456
6745  -114.389015
6750  -111.31807
6755  -127.5952
6760  -123.749985
6765  -116.26221
6770  -117.99998
6775  -112.923744
6780  -125.849655
6785  -128.13815
6790  -134.07927
6795  -131.74002
6800  -123.451866
6805  -124.356346
6810  -128.47464
6815  -123.96555
6820  -115.10695
6825  -123.61629
6830  -125.99245
6835  -126.85618
6840  -125.07878
6845  -121.28296
6850  -119.27411
6855  -119.216774
6860  -123.33341
6865  -146.10176
6870  -129.63303
6875  -148.59319
6880  -133.77423
6885  -121.674484
6890  -119.32719
6895  -119.57271
6900  -120.64839
6905  -129.5091
6910  -129.53491
6915  -129.75638
6920  -142.29683
6925  -121.162964
6930  -119.36019
6935  -119.46399
6940  -119.15712
6945  -129.31458
6950  -130.47672
6955  -143.6896
6960  -129.39781
6965  -122.09983
6970  -119.276405
6975  -119.284805
6980  -119.31749
6985  -130.9677
6990  -128.5485
6995  -129.43164
7000  -126.452065
7005  -121.39227
7010  -119.358055
7015  -119.65901
7020  -119.47612
7025  -126.9177
7030  -131.34825
7035  -139.09764
7040  -129.04042
7045  -121.07982
7050  -119.16782
7055  -119.33354
7060  -119.29612
7065  -121.56288
7070  -129.01195
7075  -130.12183
7080  -131.43074
7085  -121.463036
7090  -119.286476
7095  -119.62862
7100  -119.44191
7105  -121.385254
7110  -128.45131
7115  -127.814186
7120  -132.07951
7125  -121.01835
7130  -119.362564
7135  -119.4823
7140  -119.291214
7145  -119.233505
7150  -140.82234
7155  -132.81374
7160  -129.49252
7165  -121.373245
7170  -119.173386
7175  -119.84175
7180  -120.61745
7185  -120.07005
7190  -125.29393
7195  -126.880005
7200  -123.33617
7205  -123.25069
7210  -118.30797
7215  -117.739334
7220  -120.48562
7225  -118.81932
7230  -122.47328
7235  -127.75968
7240  -128.07901
7245  -121.0406
7250  -122.06691
7255  -120.689
7260  -119.14718
7265  -119.21944
7270  -124.36609
7275  -127.79994
7280  -126.11605
7285  -123.000145
7290  -114.64659
7295  -118.68799
7300  -120.3162
7305  -120.019005
7310  -115.63499
7315  -124.16299
7320  -118.516945
7325  -113.72428
7330  -111.58187
7335  -108.26304
7340  -109.340675
7345  -110.89049
7350  -109.90193
7355  -118.523094
7360  -114.66738
7365  -113.68086
7370  -112.22721
7375  -131.12546
7380  -113.66963
7385  -110.845055
7390  -116.8418
7395  -116.72622
7400  -125.1218
7405  -122.02151
7410  -128.8069
7415  -119.0378
7420  -114.56356
7425  -133.31345
7430  -123.934494
7435  -133.23862
7440  -125.39292
7445  -127.90765
7450  -112.877914
7455  -119.42656
7460  -129.71953
7465  -135.26758
7470  -123.93294
7475  -127.43142
7480  -130.92993
7485  -149.27455
7490  -118.78931
7495  -124.70366
7500  -125.90792
7505  -147.32162
7510  -137.27817
7515  -149.76044
7520  -129.637
7525  -127.50978
7530  -151.61813
7535  -129.61908
7540  -129.69615
7545  -143.80061
7550  -119.03091
7555  -128.17426
7560  -139.29521
7565  -130.06825
7570  -138.4074
7575  -136.37581
7580  -132.52994
7585  -141.31464
7590  -162.65012
7595  -148.82254
7600  -131.58273
7605  -146.59697
7610  -153.12576
7615  -140.07442
7620  -122.69917
7625  -126.930466
7630  -149.61624
7635  -130.39381
7640  -152.90337
7645  -154.1741
7650  -132.51201
7655  -150.17752
7660  -152.80507
7665  -174.90161
7670  -168.15695
7675  -159.97209
7680  -161.04942
7685  -149.75009
7690  -164.07262
7695  -158.94221
7700  -157.02652
7705  -145.04842
7710  -140.85501
7715  -149.75847
7720  -130.96542
7725  -139.59225
7730  -146.55803
7735  -133.85306
7740  -136.1673
7745  -152.03041
7750  -137.6305
7755  -139.935
7760  -138.68347
7765  -141.51724
7770  -133.96802
7775  -159.23639
7780  -138.49065
7785  -142.36327
7790  -133.84015
7795  -141.74704
7800  -131.47595
7805  -147.53433
7810  -158.6078
7815  -132.36304
7820  -144.18217
7825  -151.2653
7830  -136.90225
7835  -180.4175
7840  -158.04553
7845  -137.40652
7850  -160.32278
7855  -157.83298
7860  -154.57191
7865  -170.20537
7870  -151.63522
7875  -158.39505
7880  -147.02792
7885  -170.19064
7890  -147.71489
7895  -155.86588
7900  -169.98862
7905  -168.60898
7910  -153.24292
7915  -135.39323
7920  -137.9988
7925  -160.36038
7930  -154.33511
7935  -144.42917
7940  -149.74799
7945  -156.01974
7950  -155.03598
7955  -167.00424
7960  -143.59889
7965  -134.59201
7970  -160.83018
7975  -157.65323
7980  -171.98653
7985  -137.26027
7990  -147.064
7995  -137.09525
8000  -135.52927
8005  -133.40408
8010  -159.87595
8015  -147.78523
8020  -156.47714
8025  -129.90872
8030  -150.64717
8035  -152.54166
8040  -170.28474
8045  -137.17415
8050  -167.24014
8055  -181.33894
8060  -174.8641
8065  -151.29562
8070  -135.65962
8075  -146.55795
8080  -140.44873
8085  -154.0849
8090  -164.37782
8095  -145.88329
8100  -154.48715
8105  -156.7241
8110  -152.85526
8115  -168.26994
8120  -150.77771
8125  -136.67352
8130  -156.67323
8135  -137.90872
8140  -149.05
8145  -159.58867
8150  -161.56808
8155  -141.92026
8160  -164.85735
8165  -167.8031
8170  -145.83449
8175  -154.90677
8180  -171.30014
8185  -157.33029
8190  -148.35971
8195  -175.31761
8200  -166.26462
8205  -133.08206
8210  -175.74094
8215  -114.03046
8220  -135.36992
8225  -146.34225
8230  -128.43045
8235  -129.0541
8240  -148.57675
8245  -166.50294
8250  -148.48436
8255  -155.69836
8260  -153.78938
8265  -123.913734
8270  -121.938
8275  -152.63551
8280  -158.27646
8285  -149.63074
8290  -146.18826
8295  -162.42317
8300  -134.934
8305  -140.79854
8310  -126.98656
8315  -118.56289
8320  -139.81154
8325  -141.72289
8330  -137.06868
8335  -143.84024
8340  -123.85591
8345  -141.85193
8350  -118.02132
8355  -127.88542
8360  -142.74255
8365  -107.877075
8370  -122.05951
8375  -145.00438
8380  -138.07098
8385  -125.06688
8390  -139.87578
8395  -139.03662
8400  -138.6374
8405  -145.84409
8410  -148.68779
8415  -129.59164
8420  -144.8291
8425  -159.70505
8430  -154.2528
8435  -162.80771
8440  -147.88972
8445  -124.73533
8450  -140.45207
8455  -135.00217
8460  -130.95798
8465  -136.67142
8470  -139.6268
8475  -161.38809
8480  -111.89697
8485  -151.42525
8490  -132.67245
8495  -187.71602
8500  -137.86188
8505  -145.3464
8510  -110.89909
8515  -130.60043
8520  -120.60294
8525  -121.476074
8530  -143.29745
8535  -120.68042
8540  -134.75316
8545  -124.652725
8550  -152.25809
8555  -133.03064
8560  -145.57874
8565  -158.10321
8570  -122.77283
8575  -112.92766
8580  -104.29326
8585  -139.70412
8590  -114.60024
8595  -133.45615
8600  -125.944824
8605  -110.65873
8610  -137.47548
8615  -109.34255
8620  -102.56244
8625  -128.80272
8630  -125.5411
8635  -107.26522
8640  -106.42324
8645  -93.88186
8650  -142.66525
8655  -137.65755
8660  -114.86503
8665  -139.59279
8670  -100.7271
8675  -133.15639
8680  -128.69601
8685  -121.49204
8690  -119.49225
8695  -155.37698
8700  -147.11569
8705  -158.54855
8710  -168.97102
8715  -132.20512
8720  -133.08408
8725  -122.034706
8730  -152.93309
8735  -115.05176
8740  -112.222275
8745  -167.35844
8750  -103.73629
8755  -139.77083
8760  -155.40767
8765  -144.17021
8770  -147.48769
8775  -155.53699
8780  -120.864235
8785  -117.456375
8790  -77.94049
8795  -118.03243
8800  -85.27712
8805  -127.67851
8810  -140.64961
8815  -105.201866
8820  -137.03136
8825  -132.98776
8830  -146.4488
8835  -140.43881
8840  -123.87998
8845  -107.59076
8850  -102.313194
8855  -101.659874
8860  -100.80239
8865  -118.23743
8870  -119.35648
8875  -103.20416
8880  -89.31386
8885  -121.11027
8890  -101.482376
8895  -117.02936
8900  -111.61577
8905  -117.21505
8910  -122.21133
8915  -121.46893
8920  -119.2263
8925  -140.7408
8930  -121.21548
8935  -119.92747
8940  -114.50344
8945  -103.64321
8950  -113.12042
8955  -122.48442
8960  -129.38565
8965  -126.263084
8970  -131.90457
8975  -127.74233
8980  -109.12819
8985  -116.805664
8990  -117.064125
8995  -113.472
9000  -113.2583
9005  -104.726295
9010  -101.4467
9015  -101.99623
9020  -95.01678
9025  -100.672356
9030  -105.19883
9035  -110.444725
9040  -109.977844
9045  -118.99512
9050  -151.9727
9055  -121.28031
9060  -101.72148
9065  -101.74817
9070  -101.89049
9075  -101.62439
9080  -101.77528
9085  -101.78461
9090  -101.76289
9095  -101.870285
9100  -101.63688
9105  -101.87957
9110  -117.96092
9115  -101.74429
9120  -101.96133
9125  -101.7593
9130  -101.842316
9135  -102.01425
9140  -101.878494
9145  -101.86726
9150  -101.88452
9155  -101.68509
9160  -101.70837
9165  -101.87895
9170  -117.97768
9175  -102.03752
9180  -101.884544
9185  -101.98197
9190  -102.07016
9195  -101.79381
9200  -102.15279
9205  -101.98149
9210  -102.06261
9215  -102.16464
9220  -101.9604
9225  -102.07623
9230  -103.115005
9235  -103.23015
9240  -119.178566
9245  -117.93175
9250  -118.35933
9255  -101.778305
9260  -101.748024
9265  -117.902565
9270  -101.765915
9275  -101.693825
9280  -101.67829
9285  -101.68116
9290  -101.691025
9295  -101.71676
9300  -101.75565
9305  -101.71089
9310  -101.713974
9315  -101.677864
9320  -101.69078
9325  -101.6336
9330  -101.63098
9335  -101.63115
9340  -101.629555
9345  -101.70179
9350  -101.62727
9355  -101.793304
9360  -101.62422
9365  -101.655136
9370  -101.73714
9375  -101.63982
9380  -101.77378
9385  -101.65036
9390  -101.69802
9395  -101.75334
9400  -101.63017
9405  -101.69895
9410  -101.6335
9415  -101.62509
9420  -101.61925
9425  -101.62502
9430  -101.631424
9435  -101.72554
9440  -101.6292
9445  -101.815674
9450  -101.71582
9455  -101.68231
9460  -101.645615
9465  -101.71797
9470  -101.672104
9475  -101.760376
9480  -101.76262
9485  -101.65459
9490  -101.633865
9495  -101.64231
9500  -101.62856
9505  -101.63802
9510  -101.63658
9515  -101.64868
9520  -101.63934
9525  -101.65871
9530  -101.71864
9535  -101.678024
9540  -101.67884
9545  -101.677704
9550  -101.68511
9555  -101.68256
9560  -101.67958
9565  -101.68081
9570  -101.63454
9575  -101.63713
9580  -101.64519
9585  -101.63823
9590  -101.63438
9595  -101.628006
9600  -101.76639
9605  -101.62593
9610  -101.797676
9615  -101.802025
9620  -101.71675
9625  -101.75541
9630  -101.67949
9635  -101.72229
9640  -101.68184
9645  -101.671646
9650  -101.66008
9655  -101.65175
9660  -101.6404
9665  -101.62932
9670  -101.6371
9675  -101.631386
9680  -101.67076
9685  -101.63081
9690  -101.61823
9695  -101.64412
9700  -101.75733
9705  -101.73866
9710  -101.78425
9715  -101.71421
9720  -101.72271
9725  -101.7799
9730  -101.6509
9735  -101.63776
9740  -101.64065
9745  -101.635574
9750  -101.63468
9755  -101.714806
9760  -101.634415
9765  -101.63959
9770  -101.62411
9775  -101.727745
9780  -101.67602
9785  -101.669754
9790  -101.77866
9795  -101.85595
9800  -101.683136
9805  -101.75127
9810  -101.755455
9815  -101.768486
9820  -101.643555
9825  -101.64959
9830  -101.64397
9835  -101.62917
9840  -101.67213
9845  -101.72372
9850  -101.73435
9855  -101.76525
9860  -101.75778
9865  -101.6733
9870  -101.78526
9875  -101.7749
9880  -101.69465
9885  -101.902336
9890  -101.66939
9895  -101.74372
9900  -101.648315
9905  -101.62475
9910  -101.81923
9915  -101.64305
9920  -101.640045
9925  -101.65037
9930  -101.69106
9935  -101.65526
9940  -101.745155
9945  -101.83951
9950  -101.81974
9955  -101.856415
9960  -101.71605
9965  -101.97626
9970  -101.847946
9975  -101.94455
9980  -101.70817
9985  -101.80932
9990  -101.69736
9995  -101.836075
10000  -101.79375
10005  -101.9094
10010  -101.77254
10015  -101.88564
10020  -101.914566
10025  -102.03644
10030  -101.78138
10035  -101.74631
10040  -101.9605
10045  -101.984985
10050  -102.08746
10055  -101.95264
10060  -101.827065
10065  -101.78208
10070  -102.062904
10075  -102.053
10080  -101.943405
10085  -101.795876
10090  -101.6877
10095  -101.85066
10100  -101.741745
10105  -101.93548
10110  -102.04375
10115  -102.008255
10120  -101.676125
10125  -101.96417
10130  -102.02728
10135  -102.27145
10140  -101.803856
10145  -101.775406
10150  -102.00691
10155  -101.829094
10160  -118.114914
10165  -101.990295
10170  -101.80232
10175  -101.8786
10180  -101.85407
10185  -101.8105
10190  -101.98191
10195  -101.67291
10200  -101.9995
10205  -102.07689
10210  -102.15727
10215  -101.889084
10220  -101.99759
10225  -102.10346
10230  -102.04875
10235  -101.96196
10240  -101.86609
10245  -101.90015
10250  -101.93804
10255  -101.850655
10260  -102.240395
10265  -101.72437
10270  -102.082985
10275  -118.18217
10280  -101.78993
10285  -102.29692
10290  -101.96438
10295  -102.04683
10300  -101.87421
10305  -101.74375
10310  -101.8382
10315  -101.92706
10320  -101.77942
10325  -101.841736
10330  -101.75719
10335  -101.77547
10340  -101.847916
10345  -101.914444
10350  -102.0738
10355  -102.13801
10360  -118.06499
10365  -102.00768
10370  -102.2064
10375  -101.90061
10380  -101.88298
10385  -102.16677
10390  -102.321434
10395  -102.32909
10400  -101.98881
10405  -101.9266
10410  -101.85872
10415  -102.21617
10420  -101.97961
10425  -102.049805
10430  -101.99931
10435  -101.837036
10440  -101.82709
10445  -102.01929
10450  -102.176865
10455  -101.88567
10460  -102.21944
10465  -101.9966
10470  -101.88767
10475  -102.06791
10480  -101.97734
10485  -102.010635
10490  -102.22613
10495  -102.07702
10500  -102.12615
10505  -101.80684
10510  -102.024284
10515  -101.88247
10520  -102.18477
10525  -101.93178
10530  -101.93889
10535  -102.07986
10540  -101.97499
10545  -102.3489
10550  -102.140625
10555  -101.908714
10560  -102.057076
10565  -102.0038
10570  -118.56101
10575  -103.322426
10580  -101.92752
10585  -101.942535
10590  -101.93742
10595  -102.08555
10600  -102.75698
10605  -102.19088
10610  -102.2817
10615  -102.57414
10620  -102.01438
10625  -102.577805
10630  -102.389565
10635  -102.77785
10640  -101.909935
10645  -102.39272
10650  -102.42897
10655  -102.80237
10660  -102.37573
10665  -102.0674
10670  -102.12373
10675  -102.08455
10680  -102.29654
10685  -101.91545
10690  -102.19347
10695  -102.080635
10700  -102.206055
10705  -103.057724
10710  -102.171646
10715  -101.99533
10720  -101.89662
10725  -102.55271
10730  -102.021355
10735  -101.84445
10740  -102.04301
10745  -102.06008
10750  -102.18039
10755  -102.43463
10760  -101.89723
10765  -102.49558
10770  -118.714516
10775  -102.12801
10780  -102.087
10785  -102.29927
10790  -102.005936
10795  -104.58296
10800  -106.60018
10805  -108.84092
10810  -107.15017
10815  -131.60214
10820  -111.63936
10825  -161.93684
10830  -134.88963
10835  -139.73935
10840  -143.50986
10845  -143.10756
10850  -143.2135
10855  -143.9945
10860  -139.8653
10865  -154.6143
10870  -126.91968
10875  -135.9241
10880  -134.44249
10885  -140.65646
10890  -143.97212
10895  -139.07169
10900  -143.56168
10905  -146.23149
10910  -145.82922
10915  -146.7604
10920  -149.19275
10925  -146.50542
10930  -143.52621
10935  -143.77055
10940  -145.80244
10945  -140.93372
10950  -143.03848
10955  -145.36084
10960  -145.04805
10965  -143.39603
10970  -143.31361
10975  -144.04451
10980  -134.5701
10985  -143.65787
10990  -141.24168
10995  -137.52243
11000  -143.21019
11005  -134.85599
11010  -144.76028
11015  -143.81985
11020  -140.86407
11025  -132.39108
11030  -142.7068
11035  -141.03523
11040  -135.40694
11045  -146.47427
11050  -143.04483
11055  -141.72253
11060  -143.97107
11065  -142.6975
11070  -135.61731
11075  -137.008
11080  -161.29242
11085  -113.64325
11090  -112.656494
11095  -117.170815
11100  -115.6132
11105  -115.00934
11110  -112.60435
11115  -113.18178
11120  -112.94951
11125  -112.05388
11130  -113.181595
11135  -113.888016
11140  -114.0927
11145  -113.67123
11150  -113.640724
11155  -113.019325
11160  -112.285324
11165  -118.23195
11170  -118.38161
11175  -119.0172
11180  -118.30283
11185  -118.64758
11190  -118.856544
11195  -118.93276
11200  -118.769165
11205  -117.97652
11210  -118.56227
11215  -118.000305
11220  -118.52234
11225  -118.64213
11230  -118.87776
11235  -118.34202
11240  -118.88857
11245  -117.99219
11250  -118.39906
11255  -118.63004
11260  -118.396095
11265  -118.8853
11270  -118.66282
11275  -119.23116
11280  -119.091415
11285  -117.73872
11290  -118.64632
11295  -118.534935
11300  -118.60233
11305  -118.20748
11310  -118.869225
11315  -118.38479
11320  -118.59247
11325  -118.18721
11330  -118.02749
11335  -118.746666
11340  -118.87581
11345  -118.3572
11350  -118.423904
11355  -118.28003
11360  -118.61638
11365  -117.796814
11370  -116.36526
11375  -119.031296
11380  -118.32375
11385  -119.01921
11390  -118.879105
11395  -118.00026
11400  -118.90991
11405  -117.4728
11410  -118.00597
11415  -118.44503
11420  -118.55859
11425  -118.48295
11430  -119.27132
11435  -119.175064
11440  -118.677444
11445  -118.07194
11450  -117.852036
11455  -118.99489
11460  -118.666824
11465  -119.15576
11470  -118.43457
11475  -118.443726
11480  -118.55001
11485  -117.73592
11490  -117.709274
11495  -118.64551
11500  -119.07186
11505  -118.33528
11510  -118.48635
11515  -118.638916
11520  -118.287254
11525  -117.93953
11530  -117.76564
11535  -117.57695
11540  -118.13845
11545  -118.64095
11550  -118.666885
11555  -118.73177
11560  -119.12402
11565  -118.15253
11570  -117.70331
11575  -117.71077
11580  -118.43036
11585  -118.62887
11590  -118.12309
11595  -118.40243
11600  -118.59801
11605  -117.62178
11610  -117.580734
11615  -117.6177
11620  -118.82617
11625  -117.7547
11630  -118.904526
11635  -118.22212
11640  -118.356125
11645  -117.00431
11650  -117.78969
11655  -117.06305
11660  -118.34233
11665  -118.45189
11670  -118.44242
11675  -117.28589
11680  -118.7231
11685  -117.86377
11690  -117.973816
11695  -117.70786
11700  -118.46299
11705  -118.69944
11710  -118.92682
11715  -118.805275
11720  -118.728134
11725  -118.18471
11730  -117.94021
11735  -118.029175
11740  -118.472946
11745  -119.21452
11750  -119.03961
11755  -119.07998
11760  -119.02383
11765  -118.28921
11770  -118.093704
11775  -118.07774
11780  -118.18807
11785  -119.38096
11790  -118.92928
11795  -118.692406
11800  -119.104965
11805  -117.94289
11810  -117.98857
11815  -118.046875
11820  -118.17515
11825  -119.26201
11830  -118.78961
11835  -118.882935
11840  -119.03345
11845  -118.1572
11850  -117.835106
11855  -111.98993
11860  -158.97421
11865  -142.62947
11870  -126.46782
11875  -143.27998
11880  -143.24849
11885  -127.45597
11890  -170.51685
11895  -156.98526
11900  -181.05966
11905  -181.67226
11910  -171.84966
11915  -170.72887
11920  -156.681
11925  -183.3374
11930  -128.41104
11935  -182.22726
11940  -180.08853
11945  -180.30699
11950  -181.27658
11955  -180.39217
11960  -180.00977
11965  -181.33043
11970  -180.62527
11975  -180.54417
11980  -181.01317
11985  -181.056
11990  -181.0106
11995  -181.13565
12000  -181.17603
12005  -181.13391
12010  -180.82913
12015  -181.2642
12020  -181.26329
12025  -180.79907
12030  -181.2213
12035  -180.75363
12040  -181.30884
12045  -180.96292
12050  -181.09157
12055  -181.00096
12060  -181.24878
12065  -181.03499
12070  -181.14153
12075  -181.28763
12080  -181.12047
12085  -180.77238
12090  -180.95609
12095  -181.06474
12100  -181.18965
12105  -181.04178
12110  -180.84802
12115  -181.22566
12120  -181.10172
12125  -181.24484
12130  -180.44449
12135  -181.05783
12140  -181.2667
12145  -181.22147
12150  -181.20076
12155  -181.1988
12160  -180.67604
12165  -181.0942
12170  -180.67726
12175  -181.08186
12180  -181.23326
12185  -181.09296
12190  -180.62508
12195  -181.18808
12200  -181.05606
12205  -181.07893
12210  -180.66571
12215  -181.27443
12220  -180.96544
12225  -181.058
12230  -180.56204
12235  -181.17485
12240  -181.00673
12245  -180.98703
12250  -181.07303
12255  -181.04285
12260  -180.8855
12265  -181.10843
12270  -181.01205
12275  -181.19334
12280  -180.94592
12285  -181.06204
12290  -181.20685
12295  -181.12334
12300  -180.93497
12305  -181.21027
12310  -181.06242
12315  -181.17717
12320  -181.0887
12325  -180.77133
12330  -181.05396
12335  -181.26494
12340  -180.85889
12345  -180.89578
12350  -181.05978
12355  -181.10269
12360  -181.02983
12365  -181.17976
12370  -181.16824
12375  -181.13106
12380  -181.09721
12385  -180.97574
12390  -181.01724
12395  -181.12616
12400  -181.12416
12405  -180.97629
12410  -181.1066
12415  -180.98972
12420  -181.11636
12425  -181.10396
12430  -181.12532
12435  -181.11398
12440  -181.10721
12445  -181.11978
12450  -181.12878
12455  -181.10098
12460  -180.9545
12465  -181.12317
12470  -181.12076
12475  -180.97528
12480  -181.1269
12485  -180.99211
12490  -181.11674
12495  -180.98961
12500  -181.11641
12505  -180.9694
12510  -181.12468
12515  -181.10759
12520  -181.13132
12525  -181.12341
12530  -181.03822
12535  -181.11763
12540  -181.10938
12545  -181.1126
12550  -181.01982
12555  -181.01292
12560  -181.11429
12565  -181.10197
12570  -180.985
12575  -181.118
12580  -181.1001
12585  -181.10555
12590  -180.9466
12595  -181.11069
12600  -181.10497
12605  -181.11665
12610  -181.10103
12615  -181.11679
12620  -181.10983
12625  -181.11693
12630  -181.10161
12635  -181.10176
12640  -181.12766
12645  -181.12427
12650  -181.03708
12655  -181.12822
12660  -181.15611
12665  -181.16937
12670  -181.13718
12675  -181.02127
12680  -181.10034
12685  -181.0997
12690  -180.92065
12695  -180.77182
12700  -180.87161
12705  -181.02663
12710  -181.03168
12715  -181.07974
12720  -181.11034
12725  -181.15324
12730  -181.06953
12735  -181.11063
12740  -181.11218
12745  -181.10165
12750  -181.13199
12755  -181.13676
12760  -181.10301
12765  -181.12088
12770  -181.13736
12775  -181.09688
12780  -181.12799
12785  -181.13107
12790  -181.12329
12795  -181.12108
12800  -181.08752
12805  -181.12215
12810  -181.14929
12815  -181.10564
12820  -180.98436
12825  -181.10263
12830  -181.10596
12835  -181.1148
12840  -181.11954
12845  -181.11978
12850  -181.1094
12855  -181.1136
12860  -181.11775
12865  -180.99667
12870  -181.14603
12875  -181.1189
12880  -181.10397
12885  -180.93909
12890  -181.15927
12895  -181.12936
12900  -181.08057
12905  -181.12321
12910  -181.1049
12915  -181.12943
12920  -181.10507
12925  -181.14326
12930  -181.14865
12935  -181.09734
12940  -181.11359
12945  -181.14279
12950  -181.10866
12955  -180.99878
12960  -181.12106
12965  -181.13101
12970  -181.12544
12975  -181.12788
12980  -180.95335
12985  -181.10703
12990  -181.0919
12995  -181.10962
13000  -181.13191
13005  -181.08986
13010  -181.15994
13015  -181.15994
13020  -181.10281
13025  -181.12344
13030  -181.13435
13035  -180.96245
13040  -181.1062
13045  -181.14224
13050  -181.00986
13055  -180.61739
13060  -180.76482
13065  -180.66016
13070  -180.6788
13075  -180.64705
13080  -180.84793
13085  -180.73506
13090  -180.60417
13095  -180.7419
13100  -180.74979
13105  -180.57101
13110  -180.19174
13115  -180.24959
13120  -180.34964
13125  -179.85532
13130  -179.60703
13135  -179.73166
13140  -179.79607
13145  -180.22122
13150  -180.1595
13155  -180.20474
13160  -180.57713
13165  -180.49028
13170  -180.61429
13175  -180.51668
13180  -180.49414
13185  -180.7038
13190  -180.41878
13195  -180.7203
13200  -180.58443
13205  -180.52628
13210  -180.42989
13215  -180.66829
13220  -180.73564
13225  -180.33623
13230  -180.8082
13235  -180.65701
13240  -180.46623
13245  -180.60999
13250  -177.30515
13255  -178.64001
13260  -175.05783
13265  -176.38449
13270  -176.29785
13275  -175.04185
13280  -175.00891
13285  -175.38745
13290  -174.43066
13295  -167.86478
13300  -173.49971
13305  -155.2841
13310  -152.66238
13315  -153.8096
13320  -171.0549
13325  -171.45512
13330  -172.3764
13335  -179.32106
13340  -170.11806
13345  -167.43446
13350  -138.32278
13355  -174.47133
13360  -173.12915
13365  -140.12834
13370  -145.71587
13375  -139.90381
13380  -155.7366
13385  -159.51163
13390  -170.83992
13395  -165.72087
13400  -158.01428
13405  -151.55286
13410  -164.01051
13415  -174.55377
13420  -175.89551
13425  -172.79227
13430  -170.72673
13435  -167.14261
13440  -169.49141
13445  -166.42093
13450  -162.59494
13455  -159.43573
13460  -144.92323
13465  -159.80774
13470  -145.29036
13475  -158.05722
13480  -156.7528
13485  -158.36923
13490  -159.87802
13495  -153.52911
13500  -144.64954
13505  -135.92691
13510  -146.5055
13515  -153.26987
13520  -142.43248
13525  -146.9162
13530  -142.26436
13535  -147.68777
13540  -163.82335
13545  -168.23782
13550  -167.47202
13555  -164.94405
13560  -153.81331
13565  -143.51295
13570  -139.69473
13575  -140.01346
13580  -156.77315
13585  -143.89531
13590  -158.81482
13595  -168.43633
13600  -171.66867
13605  -172.9208
13610  -176.98285
13615  -177.71144
13620  -176.19016
13625  -176.66013
13630  -168.1978
13635  -174.95992
13640  -172.97726
13645  -169.05466
13650  -164.73096
13655  -168.78223
13660  -156.66495
13665  -164.28831
13670  -167.52046
13675  -163.94446
13680  -161.63156
13685  -165.51932
13690  -161.78291
13695  -165.61345
13700  -165.87758
13705  -152.7825
13710  -165.53992
13715  -163.16942
13720  -162.9611
13725  -168.86243
13730  -164.946
13735  -167.83012
13740  -168.6795
13745  -173.05577
13750  -167.85161
13755  -167.92851
13760  -167.25407
13765  -172.48137
13770  -167.16199
13775  -169.56897
13780  -172.96542
13785  -171.58357
13790  -169.0085
13795  -172.83284
13800  -174.57712
13805  -174.74043
13810  -175.72769
13815  -175.54573
13820  -176.30135
13825  -173.17575
13830  -169.67647
13835  -169.81625
13840  -173.21635
13845  -173.39328
13850  -171.85696
13855  -170.73936
13860  -167.02426
13865  -164.65628
13870  -153.08926
13875  -165.09323
13880  -149.814
13885  -144.28043
13890  -151.43022
13895  -135.09302
13900  -137.83455
13905  -124.51668
13910  -117.067955
13915  -111.83368
13920  -144.99553
13925  -129.84695
13930  -153.50844
13935  -143.59895
13940  -148.51566
13945  -140.67874
13950  -150.88765
13955  -142.658
13960  -137.48587
13965  -146.1099
13970  -139.73843
13975  -170.00398
13980  -150.2933
13985  -180.6005
13990  -180.77873
13995  -183.32106
14000  -184.12288
14005  -182.24141
14010  -182.73825
14015  -182.16306
14020  -182.35709
14025  -181.18114
14030  -180.9406
14035  -181.45589
14040  -181.2165
14045  -181.04
14050  -181.1051
14055  -181.23213
14060  -181.04903
14065  -181.10046
14070  -181.10258
14075  -181.07378
14080  -181.04996
14085  -180.98581
14090  -181.12375
14095  -181.26224
14100  -180.85506
14105  -180.6998
14110  -181.27231
14115  -181.08762
14120  -181.17679
14125  -180.9183
14130  -181.02461
14135  -181.10428
14140  -180.96445
14145  -181.1243
14150  -180.97034
14155  -180.87411
14160  -180.95505
14165  -180.9808
14170  -181.23245
14175  -180.91948
14180  -181.27641
14185  -181.01929
14190  -182.48038
14195  -179.90707
14200  -179.75217
14205  -167.58916
14210  -170.4071
14215  -181.55118
14220  -177.59604
14225  -177.37024
14230  -174.83191
14235  -176.37613
14240  -160.83646
14245  -177.37184
14250  -174.43863
14255  -173.29677
14260  -176.00937
14265  -176.35123
14270  -140.72308
14275  -180.49936
14280  -181.57834
14285  -182.5199
14290  -174.30302
14295  -172.17801
14300  -171.29224
14305  -179.99715
14310  -167.87424
14315  -170.40213
14320  -171.82683
14325  -173.46045
14330  -178.28
14335  -171.9969
14340  -175.6425
14345  -177.20116
14350  -180.5064
14355  -178.56491
14360  -178.43642
14365  -170.02856
14370  -181.08047
14375  -179.00429
14380  -178.77019
14385  -174.47382
14390  -175.172
14395  -176.78128
14400  -178.37971
14405  -180.62866
14410  -180.0273
14415  -181.75375
14420  -180.993
14425  -181.42563
14430  -176.12503
14435  -178.96382
14440  -181.48344
14445  -175.03183
14450  -176.68407
14455  -177.88014
14460  -179.20575
14465  -174.12523
14470  -166.2627
14475  -159.43576
14480  -169.38048
14485  -175.11897
14490  -176.67969
14495  -175.86404
14500  -179.95415
14505  -180.2858
14510  -173.01859
14515  -179.96756
14520  -181.26523
14525  -175.74168
14530  -172.06349
14535  -188.01552
14540  -190.57378
14545  -190.13147
14550  -187.96547
14555  -186.92853
14560  -184.76459
14565  -129.74905
14570  -173.9908
14575  -184.83643
14580  -213.53647
14585  -203.2725
14590  -234.81133
14595  -182.20618
14600  -182.09358
14605  -181.71022
14610  -182.34789
14615  -182.0986
14620  -181.59833
14625  -182.13004
14630  -181.86118
14635  -181.79535
14640  -183.10054
14645  -183.41763
14650  -181.5556
14655  -182.76273
14660  -182.49527
14665  -182.12175
14670  -181.85751
14675  -181.73645
14680  -181.16081
14685  -181.10518
14690  -181.41151
14695  -181.59766
14700  -181.07155
14705  -181.57468
14710  -181.0361
14715  -180.86868
14720  -181.1445
14725  -180.93318
14730  -180.8406
14735  -181.36505
14740  -180.93059
14745  -181.44818
14750  -181.57552
14755  -180.55812
14760  -181.33203
14765  -181.19492
14770  -181.03691
14775  -181.12622
14780  -181.56174
14785  -181.19283
14790  -181.05344
14795  -181.23146
14800  -181.18689
14805  -180.92343
14810  -181.28606
14815  -181.10075
14820  -181.23799
14825  -181.26086
14830  -181.34157
14835  -181.27759
14840  -181.41241
14845  -181.35915
14850  -180.80435
14855  -181.262
14860  -181.2839
14865  -181.3729
14870  -181.10812
14875  -181.21054
14880  -181.20706
14885  -181.17632
14890  -181.32462
14895  -181.06125
14900  -181.11987
14905  -181.23592
14910  -181.03577
14915  -181.32358
14920  -181.07913
14925  -180.88272
14930  -181.12965
14935  -181.06609
14940  -181.0693
14945  -181.12544
14950  -181.07162
14955  -181.18587
14960  -181.12784
14965  -181.0618
14970  -180.96457
14975  -181.16093
14980  -181.13382
14985  -181.12222
14990  -181.18333
14995  -181.1417
15000  -181.1268
15005  -181.11998
15010  -181.11937
15015  -181.11531
15020  -181.13388
15025  -181.154
15030  -181.03038
15035  -181.13853
15040  -181.15794
15045  -181.15134
15050  -181.14983
15055  -181.08597
15060  -180.963
15065  -180.9642
15070  -181.04657
15075  -181.05486
15080  -181.10522
15085  -181.02826
15090  -180.89742
15095  -180.9633
15100  -181.1556
15105  -181.11032
15110  -181.03227
15115  -181.03947
15120  -181.02933
15125  -180.99963
15130  -180.97311
15135  -180.96426
15140  -180.94405
15145  -180.98778
15150  -181.04886
15155  -181.00264
15160  -180.9886
15165  -180.67741
15170  -180.46521
15175  -180.5807
15180  -180.67421
15185  -180.73254
15190  -180.7991
15195  -181.01006
15200  -181.00444
15205  -181.00484
15210  -180.99986
15215  -180.96716
15220  -181.03864
15225  -181.0168
15230  -181.05652
15235  -180.9989
15240  -181.02414
15245  -180.96889
15250  -180.9821
15255  -180.91182
15260  -181.01257
15265  -181.04391
15270  -180.89775
15275  -180.94801
15280  -180.96097
15285  -181.0162
15290  -181.01009
15295  -180.9524
15300  -181.01538
15305  -181.02795
15310  -180.92021
15315  -180.90082
15320  -180.98483
15325  -180.9371
15330  -181.03696
15335  -181.03635
15340  -181.04926
15345  -180.91406
15350  -180.93243
15355  -180.76846
15360  -180.92857
15365  -180.72797
15370  -180.97134
15375  -180.80034
15380  -180.97293
15385  -180.92146
15390  -180.86661
15395  -180.96524
15400  -180.94427
15405  -180.79732
15410  -180.90929
15415  -181.0115
15420  -180.94621
15425  -180.93088
15430  -181.00659
15435  -180.92886
15440  -180.97423
15445  -180.99155
15450  -180.9756
15455  -180.97972
15460  -180.95988
15465  -180.97911
15470  -180.93501
15475  -180.91936
15480  -180.79643
15485  -180.75583
15490  -180.79028
15495  -180.82181
15500  -180.98454
15505  -181.02327
15510  -181.04256
15515  -180.97318
15520  -181.01675
15525  -180.89572
15530  -180.87044
15535  -181.03667
15540  -180.98325
15545  -180.9393
15550  -181.04356
15555  -181.00156
15560  -180.95474
15565  -180.94969
15570  -180.93001
15575  -181.00269
15580  -180.97078
15585  -181.01917
15590  -180.99622
15595  -180.92273
15600  -181.14427
15605  -181.0226
15610  -181.0579
15615  -180.96114
15620  -180.99046
15625  -181.04337
15630  -180.97116
15635  -181.05128
15640  -180.97939
15645  -181.0094
15650  -180.93326
15655  -180.98656
15660  -180.90039
15665  -181.04927
15670  -180.9813
15675  -181.01108
15680  -181.02765
15685  -180.99075
15690  -180.98601
15695  -180.9572
15700  -180.95113
15705  -181.02217
15710  -181.0409
15715  -180.9237
15720  -181.00839
15725  -180.97554
15730  -180.8719
15735  -180.85764
15740  -180.99174
15745  -180.97594
15750  -181.00426
15755  -180.93289
15760  -181.05574
15765  -180.95444
15770  -180.78622
15775  -181.04036
15780  -181.06369
15785  -181.15807
15790  -181.04147
15795  -180.97293
15800  -181.0864
15805  -181.15933
15810  -181.18335
15815  -181.151
15820  -181.139
15825  -181.12556
15830  -181.10388
15835  -181.13254
15840  -181.10721
15845  -181.11243
15850  -181.14072
15855  -181.12448
15860  -181.13132
15865  -181.12497
15870  -181.12369
15875  -181.12613
15880  -181.124
15885  -181.12813
15890  -181.15677
15895  -181.13817
15900  -181.11891
15905  -181.14134
15910  -181.147
15915  -181.13399
15920  -181.16962
15925  -181.1449
15930  -181.12216
15935  -181.11934
15940  -181.15694
15945  -181.15848
15950  -181.13307
15955  -181.13217
15960  -181.12675
15965  -181.08664
15970  -181.13445
15975  -181.12222
15980  -181.16977
15985  -181.16707
15990  -181.16931
15995  -181.13116
16000  -181.10974
16005  -181.14914
16010  -181.11853
16015  -181.11502
16020  -181.10918
16025  -181.12955
16030  -181.08858
16035  -181.14157
16040  -181.08537
16045  -181.00569
16050  -181.03308
16055  -181.19585
16060  -181.03148
16065  -181.02617
16070  -181.07675
16075  -181.03674
16080  -181.09514
16085  -180.95564
16090  -181.11276
16095  -181.05383
16100  -181.09944
16105  -181.03702
16110  -180.97194
16115  -180.9113
16120  -180.94656