_Episode _MeanReward
5 -133.19296
10 -143.67123
15 -129.17537
20 -116.63066
25 -134.955
30 -120.13965
35 -137.74704
40 -131.16222
45 -126.45853400000001
50 -128.72997
55 -120.11891000000001
60 -154.16777
65 -129.9219
70 -134.13316
75 -167.0026
80 -167.9013
85 -185.93219
90 -196.52493
95 -171.34468
100 -161.07852
105 -205.87373
110 -200.96428
115 -175.01752
120 -182.65036
125 -159.65968
130 -190.82803
135 -161.64899
140 -177.7816
145 -196.19412
150 -196.82251000000002
155 -175.03153999999998
160 -144.92036000000002
165 -158.0673
170 -168.77837
175 -157.63394
180 -159.56255
185 -174.39687
190 -159.00775
195 -160.77492
200 -161.37106
205 -165.81955
210 -155.35916
215 -155.82208
220 -156.10586999999998
225 -157.50046
230 -146.59633
235 -137.95355
240 -134.33885
245 -138.16124
250 -129.13931000000002
255 -129.29453
260 -129.18149
265 -126.964096
270 -128.03415
275 -124.76042
280 -134.52028
285 -130.77504
290 -128.84163
295 -130.1188
300 -136.94052
305 -129.38821000000002
310 -127.493
315 -126.82251000000001
320 -128.25925
325 -127.62361000000001
330 -120.92561
335 -120.20235
340 -120.45336999999999
345 -116.18668999999998
350 -116.89915500000001
355 -114.066505
360 -110.44922
365 -120.66675
370 -108.12919
375 -106.00246399999999
380 -116.06714
385 -106.01383999999999
390 -105.69603000000001
395 -101.39174
400 -121.21708999999998
405 -116.80961599999999
410 -126.43878000000001
415 -102.254684
420 -99.011505
425 -99.73646
430 -94.74452
435 -93.19823000000001
440 -103.05726999999999
445 -121.229294
450 -98.74725
455 -93.81262
460 -86.34023
465 -81.56572
470 -77.11192
475 -70.946915
480 -94.38178
485 -89.99802
490 -106.92052
495 -94.07045
500 -96.52519000000001
505 -96.81144
510 -90.32719399999999
515 -99.05305
520 -97.76958499999999
525 -102.19546
530 -123.49774
535 -110.55573999999999
540 -117.11305
545 -105.37666999999999
550 -100.26405
555 -66.611694
560 -73.23175
565 -87.55019
570 -91.76021
575 -83.18993
580 -83.91909
585 -152.59471000000002
590 -82.14402
595 -61.063538
600 -68.45658
605 -44.39416
610 -55.736340000000006
615 -26.612270000000002
620 -26.194788
625 -18.775595000000003
630 -22.755827
635 -38.59104
640 -14.021265
645 -12.486074
650 -33.682365000000004
655 -7.879326
660 -21.625534
665 -14.415851000000002
670 -4.087836299999999
675 -0.5677091999999999
680 2.0901668
685 7.0791710000000005
690 14.496323
695 -9.871492
700 12.990756
705 17.783136
710 12.829532
715 -2.312357
720 13.921967
725 26.277434999999997
730 27.014296999999996
735 21.859003
740 27.26036
745 15.958966
750 36.376694
755 26.831675
760 39.207344
765 43.03219
770 47.03132
775 -18.71603
780 -0.39604035
785 45.926359999999995
790 57.042182999999994
795 50.118522999999996
800 56.083709999999996
805 10.968433000000001
810 35.518005
815 62.919230000000006
820 48.736515000000004
825 23.586538
830 32.347515
835 19.424026
840 65.7069
845 38.927820000000004
850 58.447674
855 60.717934
860 52.003029999999995
865 73.53987
870 68.943344
875 70.60721600000001
880 84.14336
885 74.448105
890 33.73983
895 85.00244
900 81.98175
905 80.4112
910 80.46500400000001
915 75.05948000000001
920 85.34692
925 77.35238000000001
930 85.95745
935 17.005505
940 92.72359
945 34.849470000000004
950 80.063644
955 -4.068761299999999
960 98.764145
965 89.18663000000001
970 92.21468
975 92.321205
980 47.675556
985 14.190837
990 101.92335
995 23.55912
1000 106.329575
1005 103.173416
1010 60.775513000000004
1015 64.47870999999999
1020 101.741325
1025 74.607864
1030 90.064926
1035 109.10531999999999
1040 114.13735
1045 83.81483
1050 112.37256000000001
1055 121.73867
1060 118.97246000000001
1065 102.37697
1070 100.16614
1075 115.45693
1080 127.473694
1085 127.523315
1090 131.83248999999998
1095 135.49365
1100 138.80031
1105 135.04558
1110 103.62508000000001
1115 66.2894
1120 135.68472
1125 121.362045
1130 132.86313
1135 107.82268
1140 119.70881999999999
1145 137.02071999999998
1150 137.2739
1155 130.58069
1160 141.3654
1165 135.79622
1170 40.601096999999996
1175 51.169052
1180 102.990944
1185 82.81097
1190 135.83608999999998
1195 98.52521999999999
1200 148.71121000000002
1205 136.69894
1210 153.83105
1215 145.22356000000002
1220 140.35956000000002
1225 123.61521
1230 127.472206
1235 125.60288
1240 119.36516
1245 126.47961399999998
1250 126.12528999999999
1255 135.20277
1260 139.85262
1265 150.60915
1270 150.72316
1275 144.70363999999998
1280 129.46213
1285 153.38786000000002
1290 158.70871
1295 113.70895
1300 158.40576000000001
1305 161.22253
1310 158.63635
1315 161.52832
1320 162.72673
1325 158.14897
1330 113.273605
1335 111.13035
1340 157.0046
1345 110.559525
1350 154.29707
1355 166.35483
1360 149.78662
1365 153.37871
1370 150.29253
1375 147.69101
1380 151.0607
1385 156.27603
1390 80.75259
1395 111.28098999999999
1400 161.6669
1405 152.65913
1410 111.33118
1415 152.04861
1420 102.49951
1425 158.90701
1430 162.29596
1435 142.87766000000002
1440 107.02838
1445 158.74976
1450 142.59427
1455 158.35294
1460 148.74951000000001
1465 152.5531
1470 157.56644
1475 153.11685
1480 154.04297
1485 153.30403
1490 156.56865
1495 107.21345500000001
1500 158.67395
1505 105.97981000000001
1510 54.615590000000005
1515 103.99371
1520 135.36557
1525 104.38977
1530 155.23373
1535 108.30823000000001
1540 133.20476000000002
1545 60.69025799999999
1550 131.44286
1555 133.02539
1560 116.05009
1565 117.15613
1570 122.37471000000001
1575 125.274
1580 114.57763999999999
1585 95.76663
1590 113.85112
1595 140.48845
1600 139.45369
1605 139.85208
1610 133.49278
1615 147.85733000000002
1620 115.35408000000001
1625 93.74545
1630 152.56332
1635 148.52495
1640 153.54128
1645 137.75644
1650 151.31555
1655 149.15143
1660 102.89022
1665 151.16678000000002
1670 87.67302
1675 86.34716
1680 142.00403
1685 118.25421000000001
1690 126.94441
1695 136.96017
1700 155.93816
1705 138.33887
1710 142.87488000000002
1715 92.62059
1720 143.37497
1725 130.55357
1730 124.894325
1735 125.92334
1740 81.76477
1745 128.42436
1750 129.2601
1755 133.1763
1760 99.73456999999999
1765 63.244305000000004
1770 104.04696
1775 131.17363
1780 106.5991
1785 131.41956000000002
1790 137.42023
1795 83.24031
1800 132.11796999999999
1805 128.55633999999998
1810 102.72865999999999
1815 119.79603600000002
1820 29.863277000000004
1825 106.81383999999998
1830 89.20724
1835 79.97377
1840 125.759056
1845 88.060524
1850 127.27211000000001
1855 58.486095
1860 86.2376
1865 101.24136999999999
1870 121.16658000000001
1875 99.6855
1880 130.15675
1885 121.29238000000001
1890 99.78824
1895 107.42200000000001
1900 106.55796000000001
1905 131.58945
1910 131.36893999999998
1915 115.40298999999999
1920 103.73209
1925 154.19234
1930 154.57634
1935 155.9314
1940 166.66846999999999
1945 147.11731
1950 164.41428
1955 158.96756000000002
1960 151.47122
1965 161.83841999999999
1970 163.86111
1975 158.77647
1980 154.96707
1985 141.04414
1990 159.98085
1995 140.14106999999998
2000 153.0492
2005 162.81265
2010 147.8885
2015 167.86353
2020 152.48323
2025 170.2764
2030 141.22583
2035 143.69545
2040 152.00471000000002
2045 151.02995
2050 149.55045
2055 166.19827
2060 166.62329
2065 164.80641
2070 150.60474
2075 139.82172
2080 155.87677
2085 163.1984
2090 162.94722
2095 166.9372
2100 157.12384
2105 162.23581000000001
2110 171.59464
2115 171.78706
2120 167.79977
2125 169.15573
2130 159.75943
2135 160.70654
2140 175.67134
2145 174.18271000000001
2150 178.19556
2155 177.2029
2160 181.63828999999998
2165 173.50516000000002
2170 179.93509
2175 186.52376999999998
2180 179.15965
2185 183.78183
2190 183.20285
2195 173.63795
2200 175.49733999999998
2205 161.30258
2210 174.7064
2215 133.75412
2220 133.00626
2225 141.85255
2230 147.58221
2235 90.58783000000001
2240 111.73621999999999
2245 136.47426000000002
2250 148.7297
2255 154.54475
2260 155.90384
2265 156.5307
2270 153.42775
2275 156.70941000000002
2280 152.7024
2285 125.444725
2290 162.02975
2295 132.31287
2300 103.39146
2305 143.94759
2310 95.29645
2315 138.7096
2320 112.97117
2325 47.326965
2330 116.17629
2335 137.34665
2340 129.79984
2345 122.87276000000001
2350 72.35863499999999
2355 97.44163
2360 93.962524
2365 78.124916
2370 92.69443000000001
2375 90.80771999999999
2380 130.27567
2385 143.11627
2390 130.40034
2395 129.75061000000002
2400 139.38716000000002
2405 112.88193999999999
2410 100.50835
2415 81.03385
2420 73.12099
2425 20.620615
2430 79.17294
2435 52.446064
2440 65.08159
2445 32.040634000000004
2450 98.49558
2455 61.17799
2460 108.1793
2465 100.015274
2470 136.29771000000002
2475 139.53171
2480 158.99532
2485 156.30573
2490 170.2342
2495 112.57719399999999
2500 170.12428
2505 149.39078
2510 129.65541000000002
2515 152.89282
2520 117.05615
2525 172.36106999999998
2530 124.3952
2535 111.92795600000001
2540 95.54436
2545 69.8087
2550 103.73098
2555 31.369574
2560 103.02087399999999
2565 154.82072
2570 97.57303
2575 35.429790000000004
2580 -29.965628000000002
2585 -2.3013197999999995
2590 117.63158
2595 25.497833
2600 174.16308999999998
2605 127.19466000000001
2610 144.16125
2615 135.55916000000002
2620 127.41288
2625 138.09273000000002
2630 107.37251
2635 121.410095
2640 166.3282
2645 144.81331
2650 168.20871
2655 154.12534
2660 180.7561
2665 159.8095
2670 97.6845
2675 52.052498
2680 152.74948
2685 184.79951
2690 156.17545
2695 177.74963
2700 184.79355
2705 149.15599
2710 143.76407
2715 185.87186
2720 147.46231
2725 182.52254
2730 177.28323
2735 181.61028000000002
2740 174.1735
2745 177.83356
2750 184.44838000000001
2755 181.0791
2760 164.04538
2765 174.85701
2770 185.90923
2775 187.76993000000002
2780 174.63092
2785 180.96997
2790 184.43521
2795 177.41557
2800 179.06642
2805 181.08109
2810 168.48273
2815 181.66617
2820 188.2607
2825 190.72377
2830 174.79135
2835 182.94632
2840 188.49187
2845 177.90323
2850 177.13663
2855 170.93976
2860 166.20235
2865 187.8888
2870 171.35258000000002
2875 182.23783999999998
2880 154.71927
2885 171.80417
2890 174.54564
2895 167.22757
2900 151.44156
2905 175.34305
2910 137.89865
2915 174.37827
2920 180.25935
2925 155.0104
2930 181.95639
2935 189.63652
2940 190.20728
2945 192.06099999999998
2950 190.61882
2955 182.25052
2960 159.68486000000001
2965 191.02612
2970 189.39941000000002
2975 186.342
2980 179.17673
2985 190.44502
2990 181.85109
2995 173.29584
3000 177.06001
3005 185.39313
3010 181.1064
3015 181.75247
3020 188.9107
3025 190.10092
3030 190.55696
3035 197.95718
3040 189.15205
3045 187.66238
3050 184.14498999999998
3055 199.22388999999998
3060 194.0357
3065 192.0949
3070 181.04651
3075 183.62357
3080 181.07058999999998
3085 191.08795
3090 158.48606999999998
3095 183.98795
3100 192.8699
3105 188.06833
3110 187.52881000000002
3115 189.66527
3120 184.43811000000002
3125 185.77617
3130 131.71475
3135 195.6177
3140 191.53345
3145 151.12143
3150 128.29558
3155 158.65865
3160 177.35805
3165 174.47541999999999
3170 154.2192
3175 144.40689
3180 129.91487
3185 118.92085
3190 172.31513999999999
3195 160.87122
3200 149.56967
3205 164.42693
3210 166.99796
3215 170.21991
3220 177.80574
3225 181.53366
3230 186.35178
3235 176.90071
3240 157.23662
3245 171.49152
3250 176.24623
3255 185.72916999999998
3260 185.31046
3265 190.0597
3270 183.5869
3275 192.10631999999998
3280 192.22182
3285 170.97261
3290 182.73796000000002
3295 188.83336
3300 137.41415
3305 191.05087
3310 188.76207
3315 132.45857
3320 181.55669
3325 194.2354
3330 188.48767
3335 195.46208000000001
3340 192.9447
3345 192.38669
3350 188.1489
3355 184.72975
3360 192.73727
3365 190.74213999999998
3370 188.524
3375 187.21254
3380 188.63855
3385 191.13003999999998
3390 172.7856
3395 193.28232
3400 192.1456
3405 192.82515
3410 193.14303999999998
3415 185.27586000000002
3420 191.45596
3425 196.58616999999998
3430 195.30917
3435 195.26766999999998
3440 192.33231999999998
3445 197.23543
3450 196.27241999999998
3455 198.56392
3460 131.23563000000001
3465 197.91731000000001
3470 193.56783000000001
3475 193.2025
3480 194.44221000000002
3485 193.93618999999998
3490 192.77177
3495 146.78423
3500 19.028879999999997
3505 -24.998615
3510 -40.30532
3515 -79.55969
3520 -63.851093000000006
3525 -41.53678
3530 -55.37896
3535 -89.55085
3540 -50.909206
3545 -85.13197
3550 -80.70459
3555 -66.79814
3560 -46.444390000000006
3565 -73.94447
3570 -47.176505999999996
3575 -77.86501
3580 -24.190144
3585 -87.37635999999999
3590 -28.654766
3595 -49.767494
3600 -71.63228000000001
3605 -58.469947999999995
3610 -63.21369
3615 -48.501534
3620 -40.035625
3625 -40.835003
3630 -30.322772999999998
3635 -51.466766
3640 -63.776215
3645 -59.958515000000006
3650 -18.226717
3655 -57.747864
3660 -56.255688
3665 -51.437805
3670 -57.608959999999996
3675 -53.57788000000001
3680 -95.255936
3685 -59.888690000000004
3690 11.194875999999999
3695 -30.371509999999997
3700 -51.143516999999996
3705 -88.43347
3710 -85.91294
3715 -23.639736
3720 -19.974234
3725 40.54339
3730 -21.893883
3735 -93.20246999999999
3740 32.083892999999996
3745 -23.723091
3750 -73.34180500000001
3755 -179.60968
3760 -157.80733999999998
3765 -164.29523999999998
3770 -182.0599
3775 -148.64481999999998
3780 -155.34793
3785 -102.34836999999999
3790 -104.25926
3795 -177.72206
3800 -177.83853
3805 -177.91612
3810 -177.8981
3815 -177.61621
3820 -177.61404
3825 -177.73372
3830 -177.79231000000001
3835 -177.61575
3840 -177.94308
3845 -177.92946
3850 -177.92533999999998
3855 -177.84875
3860 -177.83118000000002
3865 -177.76308999999998
3870 -177.66011
3875 -177.77783
3880 -177.85596
3885 -177.92958000000002
3890 -177.93585
3895 -177.7477
3900 -177.7201
3905 -177.65974
3910 -177.68301
3915 -177.78125
3920 -177.86478
3925 -177.94125
3930 -177.91765
3935 -177.87059
3940 -177.67355
3945 -177.81961
3950 -177.72253
3955 -177.68973
3960 -177.91647
3965 -177.93686
3970 -177.91635
3975 -177.9222
3980 -177.71907
3985 -177.702
3990 -177.62358
3995 -177.74312
4000 -177.86751999999998
4005 -177.9357
4010 -177.90884
4015 -177.93507
4020 -177.67642
4025 -177.72263
4030 -177.73056
4035 -177.731
4040 -177.85869
4045 -177.94467
4050 -177.92401
4055 -177.90567
4060 -177.74219
4065 -177.77748
4070 -177.70291
4075 -177.73523
4080 -177.91754
4085 -177.94378999999998
4090 -177.92886000000001
4095 -177.93033
4100 -177.73203
4105 -177.63748
4110 -177.6543
4115 -177.60771
4120 -177.88867
4125 -177.89362
4130 -177.93636999999998
4135 -177.9229
4140 -177.86421
4145 -177.66738999999998
4150 -177.78323
4155 -177.61796999999999
4160 -177.87346000000002
4165 -177.9218
4170 -177.93373
4175 -177.93565
4180 -177.85904
4185 -177.72342
4190 -177.72701999999998
4195 -177.78568
4200 -177.88289
4205 -177.93358
4210 -177.9283
4215 -177.93307
4220 -177.90298
4225 -177.67598
4230 -177.72745
4235 -177.72034
4240 -177.85452
4245 -177.93633
4250 -177.91513
4255 -177.91613999999998
4260 -177.92166
4265 -177.78328
4270 -177.77652
4275 -177.73308
4280 -177.84128
4285 -177.91953
4290 -177.93132
4295 -177.92795
4300 -177.94205
4305 -177.85582
4310 -177.6693
4315 -177.72688
4320 -177.86608999999999
4325 -177.91617
4330 -177.93704
4335 -177.94406
4340 -177.92157
4345 -177.83911
4350 -177.62491
4355 -177.6726
4360 -177.85458
4365 -177.95113
4370 -177.90523000000002
4375 -177.90572
4380 -177.91116
4385 -177.86101000000002
4390 -177.67227
4395 -177.73273
4400 -177.8634
4405 -177.9439
4410 -177.92264
4415 -177.92248999999998
4420 -177.92844
4425 -177.91167
4430 -177.67111
4435 -177.65347
4440 -177.86783
4445 -177.92378
4450 -177.9256
4455 -177.9244
4460 -177.93228
4465 -177.92688
4470 -177.71361000000002
4475 -177.66058
4480 -177.85771
4485 -177.92571999999998
4490 -177.92897
4495 -177.9284
4500 -177.90947
4505 -177.94315
4510 -177.75028999999998
4515 -177.7222
4520 -177.91582
4525 -177.94034
4530 -177.94353
4535 -177.92928
4540 -177.93143
4545 -177.92691000000002
4550 -177.87505
4555 -177.68083000000001
4560 -177.90837
4565 -177.92041
4570 -177.90923
4575 -177.93076000000002
4580 -177.94186000000002
4585 -177.92009
4590 -177.86946
4595 -177.68936000000002
4600 -177.83472
4605 -177.93741
4610 -177.93259
4615 -177.93778999999998
4620 -177.92233000000002
4625 -177.93286
4630 -177.93466
4635 -177.62251
4640 -177.90758
4645 -177.9343
4650 -177.92783
4655 -177.93665
4660 -177.92821999999998
4665 -177.93396
4670 -177.92056000000002
4675 -177.8048
4680 -177.93184
4685 -177.91098
4690 -177.93933
4695 -177.91817
4700 -177.93546
4705 -177.9161
4710 -177.92252
4715 -177.74078
4720 -177.9187
4725 -177.9233
4730 -177.91902
4735 -177.93039
4740 -177.91483
4745 -177.91738999999998
4750 -177.90767
4755 -177.8442
4760 -177.89653
4765 -177.94072
4770 -177.92049
4775 -177.93900000000002
4780 -177.92375
4785 -177.91971
4790 -177.93373
4795 -177.88017
4800 -177.91183
4805 -177.9469
4810 -177.93936000000002
4815 -177.92111
4820 -177.92825
4825 -177.93156000000002
4830 -177.93315
4835 -177.91821000000002
4840 -177.91919
4845 -177.93465
4850 -177.92026
4855 -177.92696999999998
4860 -177.9397
4865 -177.92618000000002
4870 -177.94376
4875 -177.9387
4880 -177.89865
4885 -177.72385
4890 -177.61345
4895 -177.73349
4900 -177.78311000000002
4905 -177.72923
4910 -177.717
4915 -177.76724
4920 -177.79425
4925 -177.72708
4930 -177.70966
4935 -177.62851
4940 -177.7302
4945 -177.66948
4950 -177.60745
4955 -177.84856000000002
4960 -177.80312
4965 -177.65622
4970 -177.67508
4975 -177.7923
4980 -177.61171000000002
4985 -177.67546000000002
4990 -177.6729
4995 -177.67058
5000 -177.80733999999998
5005 -177.72575
5010 -177.72593999999998
5015 -177.66289
5020 -177.72096000000002
5025 -177.67265
5030 -177.76846
5035 -177.7502
5040 -177.90343000000001
5045 -177.68025
5050 -177.66475
5055 -177.66523999999998
5060 -177.62996
5065 -177.70831
5070 -177.72377
5075 -177.61198000000002
5080 -177.84988
5085 -177.68433000000002
5090 -177.72003
5095 -177.65498
5100 -177.73015
5105 -177.78712
5110 -177.72083
5115 -177.66597
5120 -177.91904
5125 -177.75218
5130 -177.73875
5135 -177.69326999999998
5140 -177.75236999999998
5145 -177.68681
5150 -177.66551
5155 -177.68132
5160 -177.85683
5165 -177.8017
5170 -177.66683999999998
5175 -177.77676
5180 -177.78047
5185 -177.62457
5190 -177.66583
5195 -177.66103
5200 -177.86168
5205 -177.86319
5210 -177.7187
5215 -177.61899
5220 -177.65797
5225 -177.72531
5230 -177.70969
5235 -177.7731
5240 -177.86646000000002
5245 -177.933
5250 -177.61514
5255 -177.7987
5260 -177.67383
5265 -177.62564
5270 -177.72983
5275 -177.71303999999998
5280 -177.91252
5285 -177.92622
5290 -177.66403
5295 -177.60678000000001
5300 -177.72397
5305 -177.78085
5310 -177.72662
5315 -177.61248999999998
5320 -177.91122
5325 -177.93393
5330 -177.78976
5335 -177.73825
5340 -177.73
5345 -177.72069
5350 -177.77274
5355 -177.70926
5360 -177.86343
5365 -177.92302
5370 -177.80057
5375 -177.66353
5380 -177.71777
5385 -177.66383000000002
5390 -177.71443
5395 -177.74275
5400 -177.88321000000002
5405 -177.92438
5410 -177.87167
5415 -177.63363999999999
5420 -177.70401
5425 -177.83977
5430 -177.71143
5435 -177.67497
5440 -177.86807
5445 -177.9291
5450 -177.92337
5455 -177.77765
5460 -177.83539
5465 -177.66547
5470 -177.62223999999998
5475 -177.61446999999998
5480 -177.91537
5485 -177.92227
5490 -177.92352
5495 -177.68034
5500 -177.66501
5505 -177.67497
5510 -177.66447
5515 -177.8532
5520 -177.86618
5525 -177.89641
5530 -177.93563999999998
5535 -177.80452
5540 -177.83096
5545 -177.65793
5550 -177.66507
5555 -177.67734
5560 -177.86392
5565 -177.91824
5570 -177.94006000000002
5575 -177.86723
5580 -177.66357
5585 -177.65266
5590 -177.71403999999998
5595 -177.6727
5600 -177.92612
5605 -177.92227
5610 -177.93903
5615 -177.90997
5620 -177.72202
5625 -177.71451000000002
5630 -177.67935
5635 -177.7312
5640 -177.86414
5645 -177.94127
5650 -177.92673
5655 -177.92725
5660 -177.73462
5665 -177.7716
5670 -177.72893
5675 -177.67181000000002
5680 -177.86196999999999
5685 -177.93271000000001
5690 -177.92983999999998
5695 -177.91422
5700 -177.66861
5705 -177.83676
5710 -177.67932
5715 -177.72697
5720 -177.92148
5725 -177.93296999999998
5730 -177.92195
5735 -177.9371
5740 -177.73521000000002
5745 -177.67546000000002
5750 -177.73335
5755 -177.66626000000002
5760 -177.8792
5765 -177.91467
5770 -177.92783
5775 -177.92618000000002
5780 -177.92183
5785 -177.67134
5790 -177.71062
5795 -177.63588000000001
5800 -177.86685
5805 -177.93958999999998
5810 -177.90579
5815 -177.91565
5820 -177.86513
5825 -177.83614
5830 -177.74057
5835 -177.62956
5840 -177.85948
5845 -177.92891
5850 -177.93594
5855 -177.9449
5860 -177.91562
5865 -177.71957
5870 -177.61334
5875 -177.78593
5880 -177.86624
5885 -177.93289
5890 -177.92378
5895 -177.9414
5900 -177.9288
5905 -177.78665
5910 -177.7848
5915 -177.67148
5920 -177.83667
5925 -177.93081999999998
5930 -177.93887
5935 -177.92435
5940 -177.91371
5945 -177.8063
5950 -177.78976
5955 -177.74017
5960 -177.9255
5965 -177.93677
5970 -177.93964
5975 -177.93361000000002
5980 -177.92615
5985 -177.83351000000002
5990 -177.7319
5995 -177.67436
6000 -177.91228
6005 -177.93599
6010 -177.89943
6015 -177.88022
6020 -177.94208
6025 -177.85966000000002
6030 -177.72066999999998
6035 -177.6724
6040 -177.87618999999998
6045 -177.92943
6050 -177.92844
6055 -177.93137
6060 -177.94278
6065 -177.93463
6070 -177.76944
6075 -177.73286000000002
6080 -177.87776000000002
6085 -177.93692
6090 -177.90921
6095 -177.92986000000002
6100 -177.92293999999998
6105 -177.90707
6110 -177.6735
6115 -177.73386000000002
6120 -177.9183
6125 -177.93282
6130 -177.90448
6135 -177.92172
6140 -177.92331000000001
6145 -177.92368000000002
6150 -177.85297
6155 -177.67197
6160 -177.92424
6165 -177.9252
6170 -177.94048
6175 -177.92522
6180 -177.94064
6185 -177.92131
6190 -177.81486999999998
6195 -177.65984
6200 -177.86716

6205  -177.71243
6210  -177.61081
6215  -177.76945
6220  -177.67542
6225  -177.70276
6230  -177.71304
6235  -177.6579
6240  -177.7327
6245  -177.84555
6250  -177.67014
6255  -177.72478
6260  -177.7233
6265  -177.77042
6270  -177.66692
6275  -177.68169
6280  -177.72891
6285  -177.87381
6290  -177.71422
6295  -177.75801
6300  -177.73776
6305  -177.71817
6310  -177.73529
6315  -177.73528
6320  -177.7179
6325  -177.86829
6330  -177.67517
6335  -177.65955
6340  -177.65999
6345  -177.77939
6350  -177.7714
6355  -177.64488
6360  -177.67937
6365  -177.86975
6370  -177.71846
6375  -177.774
6380  -177.61705
6385  -177.73502
6390  -177.72073
6395  -177.72922
6400  -177.7261
6405  -177.88103
6410  -177.78
6415  -177.65036
6420  -177.62456
6425  -177.67769
6430  -177.67328
6435  -177.72717
6440  -177.7935
6445  -177.87225
6450  -177.92183
6455  -177.67372
6460  -177.71225
6465  -177.61185
6470  -177.67386
6475  -177.70732
6480  -177.68835
6485  -177.83206
6490  -177.84769
6495  -177.6231
6500  -177.72733
6505  -177.7197
6510  -177.7322
6515  -177.61678
6520  -177.67761
6525  -177.82466
6530  -177.92065
6535  -177.68391
6540  -177.67789
6545  -177.78146
6550  -177.88823
6555  -177.66002
6560  -177.72537
6565  -177.87778
6570  -177.92892
6575  -177.79414
6580  -177.73288
6585  -177.77151
6590  -177.73381
6595  -177.66367
6600  -177.73587
6605  -177.86441
6610  -177.92293
6615  -177.87234
6620  -177.72742
6625  -177.73218
6630  -177.73192
6635  -177.7836
6640  -177.67085
6645  -177.92111
6650  -177.93579
6655  -177.849
6660  -177.66228
6665  -177.77383
6670  -177.76299
6675  -177.6247
6680  -177.73691
6685  -177.86728
6690  -177.94067
6695  -177.86679
6700  -177.67369
6705  -177.72205
6710  -177.62497
6715  -177.74405
6720  -177.7684
6725  -177.8751
6730  -177.93736
6735  -177.9432
6740  -177.73283
6745  -177.71988
6750  -177.72539
6755  -177.6823
6760  -177.78072
6765  -177.86612
6770  -177.9209
6775  -177.93135
6780  -177.73177
6785  -177.62424
6790  -177.67368
6795  -177.71593
6800  -177.616
6805  -177.87094
6810  -177.92789
6815  -177.9443
6820  -177.80359
6825  -177.73814
6830  -177.7356
6835  -177.77957
6840  -177.66806
6845  -177.8777
6850  -177.93217
6855  -177.9302
6860  -177.8539
6865  -177.67354
6870  -177.77794
6875  -177.72469
6880  -177.79971
6885  -177.86765
6890  -177.89769
6895  -177.93002
6900  -177.85464
6905  -177.7092
6910  -177.78613
6915  -177.69846
6920  -177.76543
6925  -177.879
6930  -177.92265
6935  -177.92674
6940  -177.92868
6945  -177.71994
6950  -177.6666
6955  -177.83414
6960  -177.76775
6965  -177.8627
6970  -177.92917
6975  -177.93497
6980  -177.93663
6985  -177.83176
6990  -177.66676
6995  -177.7328
7000  -177.7224
7005  -177.88383
7010  -177.93802
7015  -177.92508
7020  -177.9403
7025  -177.90703
7030  -177.67041
7035  -177.70886
7040  -177.72629
7045  -177.87411
7050  -177.9241
7055  -177.91873
7060  -177.9082
7065  -177.79475
7070  -177.7258
7075  -177.72258
7080  -177.66467
7085  -177.87003
7090  -177.93437
7095  -177.93173
7100  -177.91795
7105  -177.91916
7110  -177.77603
7115  -177.6749
7120  -177.60912
7125  -177.85896
7130  -177.9325
7135  -177.90573
7140  -177.92
7145  -177.92514
7150  -177.7268
7155  -177.68668
7160  -177.77715
7165  -177.86507
7170  -177.9212
7175  -177.92928
7180  -177.94048
7185  -177.91827
7190  -177.75154
7195  -177.7217
7200  -177.7266
7205  -177.88489
7210  -177.93176
7215  -177.93622
7220  -177.90146
7225  -177.94113
7230  -177.7854
7235  -177.67044
7240  -177.68437
7245  -177.91681
7250  -177.92874
7255  -177.95026
7260  -177.93448
7265  -177.9295
7270  -177.85466
7275  -177.67181
7280  -177.66698
7285  -177.92926
7290  -177.9202
7295  -177.9271
7300  -177.93167
7305  -177.92616
7310  -177.87094
7315  -177.66179
7320  -177.65707
7325  -177.92136
7330  -177.93964
7335  -177.9209
7340  -177.91885
7345  -177.91914
7350  -177.91881
7355  -177.66272
7360  -177.72847
7365  -177.91263
7370  -177.92705
7375  -177.9198
7380  -177.92245
7385  -177.89975
7390  -177.92786
7395  -177.67166
7400  -177.67949
7405  -177.8594
7410  -177.92892
7415  -177.93887
7420  -177.93234
7425  -177.93246
7430  -177.90909
7435  -177.73607
7440  -177.69856
7445  -177.93234
7450  -177.9158
7455  -177.933
7460  -177.92593
7465  -177.91028
7470  -177.92322
7475  -177.8482
7480  -177.66805
7485  -177.8774
7490  -177.92581
7495  -177.9145
7500  -177.93022
7505  -177.93784
7510  -177.92314
7515  -177.84933
7520  -177.6248
7525  -177.87439
7530  -177.91336
7535  -177.91975
7540  -177.92151
7545  -177.9136
7550  -177.92838
7555  -177.93214
7560  -177.81795
7565  -177.91678
7570  -177.9248
7575  -177.92792
7580  -177.92749
7585  -177.9222
7590  -177.88484
7595  -177.9133
7600  -177.64981
7605  -177.87332
7610  -177.93527
7615  -177.91695
7620  -177.94067
7625  -177.95065
7630  -177.94035
7635  -177.9364
7640  -177.85117
7645  -177.92961
7650  -177.9147
7655  -177.94576
7660  -177.9218
7665  -177.93863
7670  -177.93149
7675  -177.92772
7680  -177.80724
7685  -177.90306
7690  -177.92575
7695  -177.92892
7700  -177.92966
7705  -177.92097
7710  -177.9271
7715  -177.89566
7720  -177.86215
7725  -177.86458
7730  -177.9224
7735  -177.93414
7740  -177.93614
7745  -177.9336
7750  -177.93333
7755  -177.91226
7760  -177.90366
7765  -177.87138
7770  -177.93668
7775  -177.91704
7780  -177.93045
7785  -177.93234
7790  -177.94019
7795  -177.92285
7800  -177.90556
7805  -177.81422
7810  -177.60893
7815  -177.75572
7820  -177.7709
7825  -177.67494
7830  -177.62039
7835  -177.67496
7840  -177.73782
7845  -177.67538
7850  -177.74393
7855  -177.6168
7860  -177.722
7865  -177.72404
7870  -177.78418
7875  -177.66754
7880  -177.65634
7885  -177.73604
7890  -177.7164
7895  -177.6756
7900  -177.64206
7905  -177.67514
7910  -177.77475
7915  -177.72388
7920  -177.82674
7925  -177.8655
7930  -177.61455
7935  -177.73483
7940  -177.61275
7945  -177.73006
7950  -177.71751
7955  -177.8431
7960  -177.77963
7965  -177.86496
7970  -177.68353
7975  -177.66629
7980  -177.68045
7985  -177.6819
7990  -177.72751
7995  -177.73544
8000  -177.67732
8005  -177.87434
8010  -177.75078
8015  -177.66722
8020  -177.6833
8025  -177.60786
8030  -177.78519
8035  -177.67615
8040  -177.66573
8045  -177.9146
8050  -177.79031
8055  -177.67267
8060  -177.6877
8065  -177.6766
8070  -177.72107
8075  -177.74219
8080  -177.63235
8085  -177.86118
8090  -177.86778
8095  -177.7259
8100  -177.67577
8105  -177.72421
8110  -177.66837
8115  -177.83456
8120  -177.78586
8125  -177.92351
8130  -177.92363
8135  -177.83371
8140  -177.7395
8145  -177.7192
8150  -177.78372
8155  -177.66373
8160  -177.66168
8165  -177.93399
8170  -177.92398
8175  -177.72107
8180  -177.66324
8185  -177.6641
8190  -177.61523
8195  -177.66629
8200  -177.77925
8205  -177.9343
8210  -177.93967
8215  -177.68884
8220  -177.66663
8225  -177.67967
8230  -177.67137
8235  -177.61665
8240  -177.60904
8245  -177.85025
8250  -177.92725
8255  -177.79623
8260  -177.63777
8265  -177.63455
8270  -177.78
8275  -177.63911
8280  -177.68332
8285  -177.8702
8290  -177.92538
8295  -177.85472
8300  -177.6734
8305  -177.6689
8310  -177.78146
8315  -177.83163
8320  -177.73419
8325  -177.89754
8330  -177.91693
8335  -177.91248
8340  -177.72339
8345  -177.63373
8350  -177.73097
8355  -177.78876
8360  -177.67699
8365  -177.93176
8370  -177.94138
8375  -177.89816
8380  -177.68037
8385  -177.7281
8390  -177.66394
8395  -177.67863
8400  -177.67175
8405  -177.87463
8410  -177.9266
8415  -177.93065
8420  -177.75204
8425  -177.69106
8430  -177.7186
8435  -177.65865
8440  -177.67685
8445  -177.87743
8450  -177.93356
8455  -177.92865
8460  -177.81035
8465  -177.67493
8470  -177.67776
8475  -177.7246
8480  -177.73065
8485  -177.88522
8490  -177.90875
8495  -177.92256
8500  -177.80634
8505  -177.7738
8510  -177.71936
8515  -177.72859
8520  -177.64896
8525  -177.83133
8530  -177.936
8535  -177.94138
8540  -177.93015
8545  -177.74768
8550  -177.67294
8555  -177.61519
8560  -177.71434
8565  -177.86295
8570  -177.93376
8575  -177.92926
8580  -177.92111
8585  -177.77148
8590  -177.79074
8595  -177.7373
8600  -177.6709
8605  -177.85098
8610  -177.89468
8615  -177.9255
8620  -177.92296
8625  -177.67438
8630  -177.76279
8635  -177.71053
8640  -177.61093
8645  -177.86803
8650  -177.91495
8655  -177.92542
8660  -177.9368
8665  -177.80518
8670  -177.77628
8675  -177.72388
8680  -177.71736
8685  -177.88644
8690  -177.9333
8695  -177.91591
8700  -177.93954
8705  -177.79488
8710  -177.7371
8715  -177.73006
8720  -177.67001
8725  -177.85532
8730  -177.93771
8735  -177.92447
8740  -177.93134
8745  -177.84238
8750  -177.83435
8755  -177.79358
8760  -177.6811
8765  -177.8692
8770  -177.92139
8775  -177.92592
8780  -177.94258
8785  -177.90811
8790  -177.73154
8795  -177.7203
8800  -177.65915
8805  -177.9165
8810  -177.92838
8815  -177.936
8820  -177.9169
8825  -177.90329
8830  -177.70755
8835  -177.83865
8840  -177.66534
8845  -177.90475
8850  -177.8959
8855  -177.93481
8860  -177.92734
8865  -177.9239
8870  -177.79573
8875  -177.69211
8880  -177.62216
8885  -177.87598
8890  -177.9388
8895  -177.94592
8900  -177.93651
8905  -177.91751
8910  -177.80106
8915  -177.71951
8920  -177.78868
8925  -177.87724
8930  -177.92937
8935  -177.93968
8940  -177.92923
8945  -177.9278
8950  -177.8716
8955  -177.618
8960  -177.72597
8965  -177.87283
8970  -177.93137
8975  -177.92468
8980  -177.91321
8985  -177.92644
8990  -177.92154
8995  -177.66446
9000  -177.6824
9005  -177.85693
9010  -177.92125
9015  -177.90707
9020  -177.92377
9025  -177.92142
9030  -177.91855
9035  -177.78932
9040  -177.67868
9045  -177.92215
9050  -177.93036
9055  -177.92659
9060  -177.9219
9065  -177.92603
9070  -177.93875
9075  -177.84633
9080  -177.72168
9085  -177.85791
9090  -177.92592
9095  -177.91348
9100  -177.93736
9105  -177.94193
9110  -177.92447
9115  -177.80272
9120  -177.726
9125  -177.9332
9130  -177.94064
9135  -177.92302
9140  -177.8703
9145  -177.9378
9150  -177.92154
9155  -177.86845
9160  -177.68375
9165  -177.87825
9170  -177.93788
9175  -177.92563
9180  -177.94093
9185  -177.9382
9190  -177.89828
9195  -177.91957
9200  -177.72438
9205  -177.92607
9210  -177.92659
9215  -177.94397
9220  -177.93326
9225  -177.92964
9230  -177.92557
9235  -177.8896
9240  -177.68484
9245  -177.85768
9250  -177.92775
9255  -177.91545
9260  -177.93054
9265  -177.92796
9270  -177.93925
9275  -177.93379
9280  -177.78885
9285  -177.84805
9290  -177.92667
9295  -177.92891
9300  -177.9255
9305  -177.93666
9310  -177.93584
9315  -177.92302
9320  -177.84769
9325  -177.91301
9330  -177.93735
9335  -177.90129
9340  -177.92458
9345  -177.92355
9350  -177.93272
9355  -177.93356
9360  -177.93393
9365  -177.87003
9370  -177.93677
9375  -177.91127
9380  -177.92023
9385  -177.91777
9390  -177.91385
9395  -177.9285
9400  -177.90477
9405  -177.86336
9410  -177.92984
9415  -177.92422
9420  -177.91447
9425  -177.9376
9430  -177.92416
9435  -177.92834
9440  -177.93806
9445  -177.66508
9450  -177.63626
9455  -177.78278
9460  -177.73245
9465  -177.60861
9470  -177.71825
9475  -177.77296
9480  -177.72917
9485  -177.79565
9490  -177.69838
9495  -177.69717
9500  -177.73225
9505  -177.61699
9510  -177.72652
9515  -177.74246
9520  -177.72841
9525  -177.80725
9530  -177.7034
9535  -177.78769
9540  -177.74026
9545  -177.66216
9550  -177.61404
9555  -177.67815
9560  -177.67082
9565  -177.85707
9570  -177.69107
9575  -177.80066
9580  -177.66422
9585  -177.71713
9590  -177.67317
9595  -177.62154
9600  -177.72076
9605  -177.90454
9610  -177.72495
9615  -177.72421
9620  -177.81223
9625  -177.68015
9630  -177.66623
9635  -177.61751
9640  -177.72366
9645  -177.9179
9650  -177.71687
9655  -177.72682
9660  -177.73242
9665  -177.72176
9670  -177.73482
9675  -177.71475
9680  -177.65921
9685  -177.86087
9690  -177.74197
9695  -177.72676
9700  -177.67609
9705  -177.61554
9710  -177.77165
9715  -177.67546
9720  -177.74435
9725  -177.9119
9730  -177.85593
9735  -177.73532
9740  -177.71628
9745  -177.72762
9750  -177.72908
9755  -177.82945
9760  -177.73552
9765  -177.9027
9770  -177.86348
9775  -177.72
9780  -177.61365
9785  -177.67838
9790  -177.72151
9795  -177.6874
9800  -177.67593
9805  -177.86331
9810  -177.93228
9815  -177.7308
9820  -177.78867
9825  -177.66705
9830  -177.67339
9835  -177.67218
9840  -177.60559
9845  -177.92671
9850  -177.91322
9855  -177.73026
9860  -177.61368
9865  -177.72891
9870  -177.74667
9875  -177.72444
9880  -177.67105
9885  -177.89584
9890  -177.92719
9895  -177.79756
9900  -177.6937
9905  -177.73209
9910  -177.60583
9915  -177.7382
9920  -177.61101
9925  -177.86601
9930  -177.94676
9935  -177.90964
9940  -177.68404
9945  -177.72021
9950  -177.74792
9955  -177.6619
9960  -177.77231
9965  -177.85422
9970  -177.93115
9975  -177.86935
9980  -177.74374
9985  -177.76921
9990  -177.67879
9995  -177.67989
10000  -177.7074
10005  -177.86102
10010  -177.94832
10015  -177.92856
10020  -177.71854
10025  -177.6738
10030  -177.66203
10035  -177.6844
10040  -177.76865
10045  -177.93228
10050  -177.92055
10055  -177.93341
10060  -177.85478
10065  -177.73552
10070  -177.74008
10075  -177.68188
10080  -177.68831
10085  -177.85977
10090  -177.94061
10095  -177.92044
10100  -177.75725
10105  -177.72946
10110  -177.67159
10115  -177.78882
10120  -177.69795
10125  -177.86247
10130  -177.93777
10135  -177.92577
10140  -177.80832
10145  -177.68843
10150  -177.6768
10155  -177.62056
10160  -177.73196
10165  -177.87021
10170  -177.93031
10175  -177.9161
10180  -177.92422
10185  -177.67734
10190  -177.73611
10195  -177.73347
10200  -177.67822
10205  -177.85918
10210  -177.93356
10215  -177.92136
10220  -177.91975
10225  -177.76865
10230  -177.66422
10235  -177.66031
10240  -177.67282
10245  -177.85583
10250  -177.91719
10255  -177.93138
10260  -177.91196
10265  -177.84543
10270  -177.71902
10275  -177.81804
10280  -177.73251
10285  -177.87679
10290  -177.88597
10295  -177.92099
10300  -177.92879
10305  -177.79489
10310  -177.67232
10315  -177.6275
10320  -177.62018
10325  -177.91684
10330  -177.93472
10335  -177.92815
10340  -177.93369
10345  -177.89746
10350  -177.71683
10355  -177.72424
10360  -177.75241
10365  -177.86658
10370  -177.92899
10375  -177.917
10380  -177.93063
10385  -177.92958
10390  -177.69225
10395  -177.62784
10400  -177.72908
10405  -177.87305
10410  -177.9415
10415  -177.92691
10420  -177.93016
10425  -177.93845
10430  -177.79138
10435  -177.73624
10440  -177.68169
10445  -177.86313
10450  -177.93283
10455  -177.92302
10460  -177.91216
10465  -177.9393
10470  -177.85175
10475  -177.6866
10480  -177.68645
10485  -177.91592
10490  -177.92366
10495  -177.93631
10500  -177.90964
10505  -177.93033
10510  -177.79391
10515  -177.62439
10520  -177.70795
10525  -177.93025
10530  -177.91861
10535  -177.9436
10540  -177.91711
10545  -177.92644
10550  -177.8641
10555  -177.73685
10560  -177.77885
10565  -177.93318
10570  -177.95004
10575  -177.92769
10580  -177.91072
10585  -177.92514
10590  -177.86528
10595  -177.78821
10600  -177.73177
10605  -177.86661
10610  -177.94164
10615  -177.90396
10620  -177.90706
10625  -177.88873
10630  -177.93466
10635  -177.72238
10640  -177.83276
10645  -177.84616
10650  -177.92374
10655  -177.93233
10660  -177.92754
10665  -177.89449
10670  -177.92497
10675  -177.7219
10680  -177.8459
10685  -177.86691
10690  -177.92407
10695  -177.92969
10700  -177.9205
10705  -177.93637
10710  -177.94217
10715  -177.89474
10720  -177.77875
10725  -177.91922
10730  -177.9448
10735  -177.93721
10740  -177.91759
10745  -177.9288
10750  -177.91002
10755  -177.81413
10760  -177.68594
10765  -177.87517
10770  -177.9504
10775  -177.942
10780  -177.9386
10785  -177.93185
10790  -177.94237
10795  -177.87027
10800  -177.72745
10805  -177.91093
10810  -177.93391
10815  -177.91682
10820  -177.92824
10825  -177.94208
10830  -177.902
10835  -177.94135
10840  -177.6828
10845  -177.85495
10850  -177.93472
10855  -177.92294
10860  -177.92885
10865  -177.9331
10870  -177.93452
10875  -177.91313
10880  -177.6679
10885  -177.90157
10890  -177.91452
10895  -177.93588
10900  -177.92834
10905  -177.93088
10910  -177.93338
10915  -177.92659
10920  -177.80511
10925  -177.89688
10930  -177.93945
10935  -177.93492
10940  -177.92712
10945  -177.92715
10950  -177.90184
10955  -177.9091
10960  -177.8031
10965  -177.86682
10970  -177.92209
10975  -177.92125
10980  -177.92107
10985  -177.92087
10990  -177.92009
10995  -177.90038
11000  -177.86882
11005  -177.9183
11010  -177.91594
11015  -177.90205
11020  -177.92207
11025  -177.92856
11030  -177.9272
11035  -177.91992
11040  -177.89622
11045  -177.90518
11050  -177.93015
11055  -177.90297
11060  -177.92213
11065  -177.90749
11070  -177.92563
11075  -177.91313
11080  -177.91687
11085  -177.73589
11090  -177.79274
11095  -177.66281
11100  -177.7154
11105  -177.74646
11110  -177.79666
11115  -177.77591
11120  -177.72897
11125  -177.68219
11130  -177.73161
11135  -177.6712
11140  -177.66904
11145  -177.72255
11150  -177.73462
11155  -177.69864
11160  -177.88159
11165  -177.7949
11170  -177.66588
11175  -177.83517
11180  -177.77705
11185  -177.84032
11190  -177.62715
11195  -177.72568
11200  -177.65903
11205  -177.798
11210  -177.62482
11215  -177.71902
11220  -177.8912
11225  -177.73103
11230  -177.73457
11235  -177.77214
11240  -177.61858
11245  -177.86717
11250  -177.7166
11255  -177.72615
11260  -177.7963
11265  -177.73903
11270  -177.75934
11275  -177.67427
11280  -177.67102
11285  -177.92891
11290  -177.76108
11295  -177.8118
11300  -177.72725
11305  -177.6735
11310  -177.79672
11315  -177.66428
11320  -177.67517
11325  -177.88107
11330  -177.7867
11335  -177.62805
11340  -177.73303
11345  -177.70035
11350  -177.68188
11355  -177.71341
11360  -177.71162
11365  -177.87906
11370  -177.86502
11375  -177.60728
11380  -177.72385
11385  -177.66031
11390  -177.66737
11395  -177.74037
11400  -177.73087
11405  -177.87578
11410  -177.92505
11415  -177.72641
11420  -177.75229
11425  -177.72902
11430  -177.79324
11435  -177.72604
11440  -177.6944
11445  -177.86636
11450  -177.90816
11455  -177.66635
11460  -177.71758
11465  -177.7706
11470  -177.71866
11475  -177.71976
11480  -177.66325
11485  -177.83359
11490  -177.93599
11495  -177.73744
11500  -177.63718
11505  -177.6639
11510  -177.68365
11515  -177.66241
11520  -177.73148
11525  -177.85458
11530  -177.91728
11535  -177.7741
11540  -177.83202
11545  -177.66142
11550  -177.72513
11555  -177.6648
11560  -177.60695
11565  -177.86296
11570  -177.89551
11575  -177.85876
11580  -177.66127
11585  -177.62405
11590  -177.78801
11595  -177.73344
11600  -177.60936
11605  -177.8347
11610  -177.93393
11615  -177.931
11620  -177.6774
11625  -177.65555
11630  -177.62793
11635  -177.73518
11640  -177.7304
11645  -177.86906
11650  -177.92912
11655  -177.91586
11660  -177.67664
11665  -177.73013
11670  -177.6583
11675  -177.73085
11680  -177.78635
11685  -177.9268
11690  -177.93198
11695  -177.93526
11700  -177.73225
11705  -177.73904
11710  -177.79477
11715  -177.67285
11720  -177.73558
11725  -177.87646
11730  -177.94666
11735  -177.93886
11740  -177.80681
11745  -177.78076
11750  -177.76566
11755  -177.61697
11760  -177.78117
11765  -177.87378
11770  -177.9201
11775  -177.94217
11780  -177.79233
11785  -177.62851
11790  -177.66692
11795  -177.72873
11800  -177.69724
11805  -177.86327
11810  -177.92307
11815  -177.91074
11820  -177.8707
11825  -177.7303
11830  -177.67618
11835  -177.62003
11840  -177.7301
11845  -177.87955
11850  -177.92912
11855  -177.92546
11860  -177.93318
11865  -177.7815
11870  -177.66174
11875  -177.73486
11880  -177.70273
11885  -177.85123
11890  -177.92728
11895  -177.92148
11900  -177.91142
11905  -177.776
11910  -177.73857
11915  -177.78488
11920  -177.72319
11925  -177.91107
11930  -177.9204
11935  -177.92007
11940  -177.92334
11945  -177.74881
11950  -177.74384
11955  -177.6722
11960  -177.72673
11965  -177.87343
11970  -177.9463
11975  -177.92566
11980  -177.9198
11985  -177.91194
11990  -177.65768
11995  -177.72208
12000  -177.67422
12005  -177.8517
12010  -177.93912
12015  -177.88782
12020  -177.94414
12025  -177.92317
12030  -177.61533
12035  -177.78719
12040  -177.62656
12045  -177.83958
12050  -177.93898
12055  -177.92096
12060  -177.92778
12065  -177.91814
12070  -177.6774
12075  -177.78618
12080  -177.78836
12085  -177.91669
12090  -177.93552
12095  -177.94492
12100  -177.93417
12105  -177.93845
12110  -177.79782
12115  -177.83115
12120  -177.72556
12125  -177.87585
12130  -177.9259
12135  -177.90164
12140  -177.91196
12145  -177.92714
12150  -177.78755
12155  -177.68512
12160  -177.66638
12165  -177.87587
12170  -177.9179
12175  -177.92856
12180  -177.91464
12185  -177.9231
12190  -177.89455
12195  -177.66226
12200  -177.74356
12205  -177.92825
12210  -177.92198
12215  -177.93808
12220  -177.93253
12225  -177.92192
12230  -177.9086
12235  -177.6264
12240  -177.77713
12245  -177.92061
12250  -177.90329
12255  -177.93315
12260  -177.91019
12265  -177.93051
12270  -177.94127
12275  -177.68051
12280  -177.74097
12285  -177.90489
12290  -177.93399
12295  -177.94016
12300  -177.92986
12305  -177.92589
12310  -177.93411
12315  -177.77444
12320  -177.71198
12325  -177.87122
12330  -177.92255
12335  -177.8981
12340  -177.90482
12345  -177.92776
12350  -177.92192
12355  -177.7911
12360  -177.65846
12365  -177.93227
12370  -177.9335
12375  -177.90947
12380  -177.92761
12385  -177.9438
12390  -177.93375
12395  -177.85034
12400  -177.79185
12405  -177.86978
12410  -177.92209
12415  -177.90463
12420  -177.9139
12425  -177.94981
12430  -177.94336
12435  -177.86829
12440  -177.60506
12445  -177.86215
12450  -177.89885
12455  -177.91814
12460  -177.93808
12465  -177.90863
12470  -177.92252
12475  -177.892
12480  -177.67819
12485  -177.93501
12490  -177.89258
12495  -177.93198
12500  -177.92741
12505  -177.92163
12510  -177.92355
12515  -177.91336
12520  -177.74399
12525  -177.90164
12530  -177.90129
12535  -177.92297
12540  -177.93349
12545  -177.924
12550  -177.93802
12555  -177.95123
12560  -177.78276
12565  -177.84404
12570  -177.9405
12575  -177.92958
12580  -177.9316
12585  -177.90964
12590  -177.93124
12595  -177.94586
12600  -177.86337
12605  -177.92896
12610  -177.92348
12615  -177.92548
12620  -177.93326
12625  -177.93419
12630  -177.92905
12635  -177.93608
12640  -177.87503
12645  -177.86629
12650  -177.86755
12655  -177.93588
12660  -177.91176
12665  -177.91785
12670  -177.93408
12675  -177.89955
12680  -177.92285
12685  -177.87888
12690  -177.8871
12695  -177.91591
12700  -177.93939
12705  -177.93143
12710  -177.91862
12715  -177.92265
12720  -177.94368
12725  -177.73763
12730  -177.7203
12735  -177.66678
12740  -177.6127
12745  -177.82382
12750  -177.7391
12755  -177.77963
12760  -177.6752
12765  -177.75473
12770  -177.74602
12775  -177.65892
12780  -177.68239
12785  -177.73349
12790  -177.78513
12795  -177.83372
12800  -177.72363
12805  -177.78764
12810  -177.64241
12815  -177.74455
12820  -177.73044
12825  -177.65564
12830  -177.62451
12835  -177.73613
12840  -177.71797
12845  -177.84755
12850  -177.72595
12855  -177.60881
12860  -177.8204
12865  -177.72481
12870  -177.71637
12875  -177.80167
12880  -177.72508
12885  -177.906
12890  -177.76906
12895  -177.72713
12900  -177.71544
12905  -177.82762
12910  -177.71878
12915  -177.77963
12920  -177.82927
12925  -177.86493
12930  -177.72122
12935  -177.69296
12940  -177.60959
12945  -177.66522
12950  -177.66045
12955  -177.72546
12960  -177.68457
12965  -177.91852
12970  -177.90958
12975  -177.68655
12980  -177.719
12985  -177.73761
12990  -177.7787
12995  -177.64108
13000  -177.72896
13005  -177.86154
13010  -177.8468
13015  -177.68497
13020  -177.6918
13025  -177.68576
13030  -177.72568
13035  -177.72159
13040  -177.6976
13045  -177.92532
13050  -177.87259
13055  -177.67896
13060  -177.70412
13065  -177.73486
13070  -177.66977
13075  -177.66904
13080  -177.72087
13085  -177.92725
13090  -177.9158
13095  -177.61653
13100  -177.7848
13105  -177.626
13110  -177.72302
13115  -177.66342
13120  -177.72812
13125  -177.86595
13130  -177.93658
13135  -177.68518
13140  -177.61685
13145  -177.66446
13150  -177.71173
13155  -177.77582
13160  -177.81277
13165  -177.90857
13170  -177.93835
13175  -177.7396
13180  -177.83261
13185  -177.61354
13190  -177.77007
13195  -177.72469
13200  -177.71896
13205  -177.87044
13210  -177.93587
13215  -177.79382
13220  -177.72609
13225  -177.73804
13230  -177.67398
13235  -177.67117
13240  -177.67613
13245  -177.86145
13250  -177.93205
13255  -177.87213
13260  -177.66885
13265  -177.67949
13270  -177.72852
13275  -177.76317
13280  -177.65683
13285  -177.87471
13290  -177.92119
13295  -177.93683
13300  -177.72493
13305  -177.67508
13310  -177.65915
13315  -177.62271
13320  -177.84593
13325  -177.87306
13330  -177.94705
13335  -177.892
13340  -177.86264
13345  -177.72594
13350  -177.76424
13355  -177.72246
13360  -177.72676
13365  -177.91882
13370  -177.92822
13375  -177.92911
13380  -177.84952
13385  -177.62987
13390  -177.77548
13395  -177.769
13400  -177.71475
13405  -177.88225
13410  -177.9302
13415  -177.92061
13420  -177.86356
13425  -177.67902
13430  -177.66008
13435  -177.66096
13440  -177.67769
13445  -177.88046
13450  -177.91617
13455  -177.9321
13460  -177.8678
13465  -177.74619
13470  -177.66292
13475  -177.70207
13480  -177.72531
13485  -177.79855
13490  -177.90036
13495  -177.93207
13500  -177.89748
13505  -177.66379
13510  -177.72139
13515  -177.71529
13520  -177.724
13525  -177.88403
13530  -177.91765
13535  -177.91917
13540  -177.93379
13545  -177.82419
13550  -177.73837
13555  -177.69217
13560  -177.73172
13565  -177.84814
13570  -177.92342
13575  -177.93816
13580  -177.93236
13585  -177.74266
13590  -177.65944
13595  -177.76445
13600  -177.66992
13605  -177.8627
13610  -177.93147
13615  -177.91278
13620  -177.92917
13625  -177.91562
13630  -177.6154
13635  -177.73567
13640  -177.70276
13645  -177.85698
13650  -177.91606
13655  -177.9335
13660  -177.93831
13665  -177.913
13670  -177.67207
13675  -177.63474
13680  -177.61288
13685  -177.84969
13690  -177.92485
13695  -177.91261
13700  -177.92322
13705  -177.89432
13710  -177.77853
13715  -177.8259
13720  -177.8071
13725  -177.86101
13730  -177.92485
13735  -177.9354
13740  -177.91661
13745  -177.92618
13750  -177.67192
13755  -177.68022
13760  -177.68913
13765  -177.88264
13770  -177.92027
13775  -177.94423
13780  -177.93051
13785  -177.92831
13790  -177.80489
13795  -177.67166
13800  -177.65569
13805  -177.92422
13810  -177.94197
13815  -177.93277
13820  -177.91989
13825  -177.93034
13830  -177.86458
13835  -177.77454
13840  -177.66609
13845  -177.86302
13850  -177.922
13855  -177.9455
13860  -177.93045
13865  -177.9121
13870  -177.86246
13875  -177.71306
13880  -177.606
13885  -177.85617
13890  -177.91855
13895  -177.92833
13900  -177.94229
13905  -177.92598
13910  -177.92853
13915  -177.73448
13920  -177.67172
13925  -177.89345
13930  -177.92538
13935  -177.93054
13940  -177.93387
13945  -177.93193
13950  -177.93414
13955  -177.72758
13960  -177.64554
13965  -177.88327
13970  -177.93143
13975  -177.93729
13980  -177.92464
13985  -177.92557
13990  -177.92184
13995  -177.79524
14000  -177.733
14005  -177.8545
14010  -177.92944
14015  -177.93501
14020  -177.91483
14025  -177.9331
14030  -177.93607
14035  -177.84952
14040  -177.78056
14045  -177.868
14050  -177.9328
14055  -177.92342
14060  -177.932
14065  -177.92838
14070  -177.9336
14075  -177.90823
14080  -177.774
14085  -177.87503
14090  -177.92697
14095  -177.93692
14100  -177.9412
14105  -177.9154
14110  -177.91727
14115  -177.93224
14120  -177.66167
14125  -177.86101
14130  -177.89157
14135  -177.93742
14140  -177.9172
14145  -177.92102
14150  -177.93533
14155  -177.93259
14160  -177.82712
14165  -177.82977
14170  -177.9213
14175  -177.9335
14180  -177.9443
14185  -177.92928
14190  -177.92398
14195  -177.94661
14200  -177.7799
14205  -177.93706
14210  -177.92249
14215  -177.91545
14220  -177.92223
14225  -177.9111
14230  -177.93204
14235  -177.93839
14240  -177.8294
14245  -177.90709
14250  -177.93332
14255  -177.94453
14260  -177.92537
14265  -177.91441
14270  -177.91812
14275  -177.93008
14280  -177.91077
14285  -177.83023
14290  -177.93494
14295  -177.93166
14300  -177.93263
14305  -177.9082
14310  -177.93015
14315  -177.9408
14320  -177.93578
14325  -177.9356
14330  -177.93474
14335  -177.92358
14340  -177.9089
14345  -177.94919
14350  -177.92201
14355  -177.9249
14360  -177.94583
14365  -177.78445
14370  -177.72214
14375  -177.78442
14380  -177.73625
14385  -177.75114
14390  -177.66684
14395  -177.72409
14400  -177.68176
14405  -177.69032
14410  -177.67712
14415  -177.73485
14420  -177.72292
14425  -177.61588
14430  -177.73819
14435  -177.76663
14440  -177.7158
14445  -177.73782
14450  -177.68404
14455  -177.73196
14460  -177.7126
14465  -177.65657
14470  -177.71774
14475  -177.66066
14480  -177.67122
14485  -177.80261
14490  -177.67746
14495  -177.72476
14500  -177.61366
14505  -177.73154
14510  -177.67188
14515  -177.77927
14520  -177.71704
14525  -177.84929
14530  -177.7302
14535  -177.79155
14540  -177.72336
14545  -177.80489
14550  -177.61417
14555  -177.72583
14560  -177.79178
14565  -177.92708
14570  -177.789
14575  -177.67139
14580  -177.68112
14585  -177.67973
14590  -177.85135
14595  -177.72195
14600  -177.72653
14605  -177.91019
14610  -177.78922
14615  -177.72015
14620  -177.71782
14625  -177.72884
14630  -177.68768
14635  -177.66377
14640  -177.78236
14645  -177.91733
14650  -177.80626
14655  -177.7135
14660  -177.73178
14665  -177.66391
14670  -177.61101
14675  -177.76996
14680  -177.72495
14685  -177.87051
14690  -177.85735
14695  -177.67416
14700  -177.71811
14705  -177.68811
14710  -177.6763
14715  -177.84576
14720  -177.73418
14725  -177.9193
14730  -177.92673
14735  -177.72806
14740  -177.61511
14745  -177.72665
14750  -177.68098
14755  -177.62013
14760  -177.6691
14765  -177.83469
14770  -177.91806
14775  -177.78677
14780  -177.79485
14785  -177.77065
14790  -177.7388
14795  -177.73824
14800  -177.66219
14805  -177.87671
14810  -177.92653
14815  -177.75142
14820  -177.65076
14825  -177.67326
14830  -177.72397
14835  -177.73026
14840  -177.72375
14845  -177.8687
14850  -177.92142
14855  -177.904
14860  -177.67252
14865  -177.69121
14870  -177.66888
14875  -177.72552
14880  -177.72536
14885  -177.87549
14890  -177.90955
14895  -177.92166
14900  -177.7233
14905  -177.6644
14910  -177.73027
14915  -177.76068
14920  -177.73138
14925  -177.87265
14930  -177.90529
14935  -177.92967
14940  -177.71896
14945  -177.67384
14950  -177.73784
14955  -177.73083
14960  -177.77937
14965  -177.86906
14970  -177.91017
14975  -177.90486
14980  -177.79639
14985  -177.65984
14990  -177.71988
14995  -177.66959
15000  -177.70035
15005  -177.91516
15010  -177.89249
15015  -177.92653
15020  -177.83447
15025  -177.6254
15030  -177.71486
15035  -177.73373
15040  -177.71725
15045  -177.88174
15050  -177.92354
15055  -177.92867
15060  -177.8095
15065  -177.74617
15070  -177.6717
15075  -177.69133
15080  -177.7242
15085  -177.85364
15090  -177.92961
15095  -177.91837
15100  -177.85312
15105  -177.78197
15110  -177.6796
15115  -177.66017
15120  -177.71172
15125  -177.8582
15130  -177.94379
15135  -177.89314
15140  -177.92717
15145  -177.73991
15150  -177.8414
15155  -177.61028
15160  -177.8233
15165  -177.90169
15170  -177.93271
15175  -177.9231
15180  -177.89204
15185  -177.77081
15190  -177.73274
15195  -177.67746
15200  -177.60855
15205  -177.86554
15210  -177.9352
15215  -177.92798
15220  -177.91772
15225  -177.89824
15230  -177.66655
15235  -177.77074
15240  -177.68478
15245  -177.86882
15250  -177.91022
15255  -177.9188
15260  -177.92319
15265  -177.81387
15270  -177.66216
15275  -177.71616
15280  -177.67067
15285  -177.86896
15290  -177.93027
15295  -177.91826
15300  -177.93985
15305  -177.9204
15310  -177.71675
15315  -177.67612
15320  -177.7106
15325  -177.91145
15330  -177.89308
15335  -177.9014
15340  -177.93527
15345  -177.92825
15350  -177.62375
15355  -177.72267
15360  -177.66133
15365  -177.84274
15370  -177.92445
15375  -177.90085
15380  -177.93488
15385  -177.931
15390  -177.74734
15395  -177.70769
15400  -177.71501
15405  -177.87209
15410  -177.92964
15415  -177.94028
15420  -177.91534
15425  -177.94014
15430  -177.86691
15435  -177.7803
15440  -177.73299
15445  -177.92294
15450  -177.94621
15455  -177.92606
15460  -177.93083
15465  -177.93616
15470  -177.80759
15475  -177.72049
15480  -177.67056
15485  -177.85786
15490  -177.93106
15495  -177.93271
15500  -177.91953
15505  -177.92949
15510  -177.86336
15515  -177.60535
15520  -177.72784
15525  -177.85039
15530  -177.9216
15535  -177.93863
15540  -177.918
15545  -177.9177
15550  -177.92209
15555  -177.65732
15560  -177.6177
15565  -177.86542
15570  -177.91098
15575  -177.89056
15580  -177.932
15585  -177.92473
15590  -177.91858
15595  -177.84702
15600  -177.72548
15605  -177.86427
15610  -177.91948
15615  -177.93271
15620  -177.91977
15625  -177.9451
15630  -177.92924
15635  -177.79912
15640  -177.9014
15645  -177.86002
15650  -177.93129
15655  -177.93657
15660  -177.92412
15665  -177.93552
15670  -177.9196
15675  -177.78859
15680  -177.68738
15685  -177.87592
15690  -177.93735
15695  -177.92712
15700  -177.92632
15705  -177.9246
15710  -177.9252
15715  -177.8782
15720  -177.73091
15725  -177.87292
15730  -177.93715
15735  -177.94873
15740  -177.93784
15745  -177.93053
15750  -177.93503
15755  -177.93636
15760  -177.64983
15765  -177.92532
15770  -177.92917
15775  -177.93872
15780  -177.88333
15785  -177.93181
15790  -177.93297
15795  -177.90219
15800  -177.80148
15805  -177.82965
15810  -177.9206
15815  -177.9176
15820  -177.93584
15825  -177.92538
15830  -177.92682
15835  -177.9343
15840  -177.7999
15845  -177.92493
15850  -177.93349
15855  -177.93324
15860  -177.91985
15865  -177.90506
15870  -177.93759
15875  -177.9321
15880  -177.804
15885  -177.86528
15890  -177.897
15895  -177.92279
15900  -177.9354
15905  -177.91484
15910  -177.91245
15915  -177.93045
15920  -177.93253
15925  -177.89206
15930  -177.92128
15935  -177.93756
15940  -177.94519
15945  -177.92921
15950  -177.93298
15955  -177.91528
15960  -177.9343
15965  -177.92743
15970  -177.90634
15975  -177.93318
15980  -177.93237
15985  -177.92851
15990  -177.9096
15995  -177.93338
16000  -177.92912
16005  -177.67453
16010  -177.72212
16015  -177.73434
16020  -177.72922
16025  -177.7394
16030  -177.67218
16035  -177.61626
16040  -177.62431
16045  -177.74825
16050  -177.74124
16055  -177.84485
16060  -177.62544
16065  -177.72917
16070  -177.78598
16075  -177.72476
16080  -177.726
16085  -177.76831
16090  -177.76907
16095  -177.66533
16100  -177.83699
16105  -177.62227
16110  -177.67183
16115  -177.71964
16120  -177.74014