_Episode _MeanReward
5 -129.93053999999998
10 -129.27725
15 -127.81693
20 -131.3933
25 -123.60091000000001
30 -122.41306999999999
35 -129.39871000000002
40 -125.62528999999999
45 -154.1113
50 -134.0828
55 -128.35638
60 -130.0377
65 -140.96317
70 -137.39505
75 -147.27048
80 -139.7175
85 -135.71767
90 -138.22403
95 -139.14303999999998
100 -133.38245
105 -138.66782
110 -138.75313
115 -140.89897
120 -140.90176
125 -142.61766
130 -141.61934
135 -142.59018
140 -164.7106
145 -150.98131999999998
150 -138.43886
155 -147.039
160 -143.53511
165 -142.06999
170 -138.14493000000002
175 -136.33463999999998
180 -140.15735
185 -137.44162
190 -137.31113
195 -143.42441000000002
200 -137.82034
205 -140.79617
210 -141.74507
215 -135.51273
220 -133.73352
225 -138.80632
230 -137.0301
235 -132.22188
240 -128.45535
245 -144.19433999999998
250 -139.74101000000002
255 -139.02463
260 -144.31006000000002
265 -149.35341
270 -139.53148000000002
275 -196.40044
280 -145.22781
285 -139.00842
290 -136.40996
295 -134.87791
300 -138.7355
305 -140.4653
310 -135.53098
315 -134.68379
320 -139.9993
325 -141.02048
330 -145.21265
335 -139.52576000000002
340 -135.08421
345 -134.43748
350 -134.25363000000002
355 -132.56274
360 -136.411
365 -135.1783
370 -136.51167
375 -135.08119
380 -139.18954
385 -132.25118999999998
390 -134.76468
395 -129.63522
400 -147.27371000000002
405 -132.37158
410 -136.61176
415 -130.05302
420 -132.1988
425 -132.58401
430 -128.62555
435 -129.38432
440 -128.22791999999998
445 -125.41543999999999
450 -124.06563
455 -114.955894
460 -107.95548000000001
465 -99.24223
470 -100.17583
475 -100.39073
480 -92.3163
485 -87.91438000000001
490 -87.96486999999999
495 -89.632065
500 -98.4044
505 -93.98765
510 -86.25244
515 -81.50686
520 -83.10831999999999
525 -77.51811
530 -76.72832
535 -66.92992
540 -64.36589000000001
545 -63.99052
550 -64.954346
555 -60.515980000000006
560 -52.668312
565 -58.580597
570 -52.072346
575 -38.376156
580 -35.953056
585 -27.473321999999996
590 -26.14474
595 -47.250526
600 -50.054775
605 -129.52283
610 -101.81581
615 -15.000803
620 -52.813873
625 -50.570029999999996
630 -72.9083
635 -56.451781999999994
640 -59.767128
645 -15.783942999999999
650 -66.80261999999999
655 -25.691527999999998
660 -24.044231
665 -22.284147
670 -16.741827
675 -75.18427
680 -34.314921999999996
685 -57.729409999999994
690 -58.25184
695 -11.181913
700 -20.184935
705 -13.798957999999999
710 -60.11566
715 -46.312923
720 -46.47168
725 -31.584484000000003
730 -30.2122
735 -12.114171
740 -31.754883000000003
745 -31.026996999999998
750 -8.464952
755 -36.002827
760 -7.4297813999999995
765 3.8741019999999997
770 -46.48681
775 -87.31571
780 -27.900229
785 10.573310000000001
790 -2.2022462000000003
795 -28.898791999999997
800 -0.88304406
805 1.9833976999999998
810 0.6310207
815 8.651857000000001
820 13.384561999999999
825 11.291057
830 14.550394
835 -8.8429165
840 8.815763
845 -36.5391
850 -33.365337
855 4.5605254
860 -15.525274
865 -31.535121999999998
870 8.665016
875 -35.915333000000004
880 -10.246383999999999
885 -1.6636006
890 4.501604
895 16.830820000000003
900 -16.894170000000003
905 21.88506
910 -12.500558999999999
915 -11.152562
920 33.188065
925 30.290798
930 33.863335
935 -0.27087098
940 -25.205084
945 -80.62711999999999
950 -46.530315
955 -23.25806
960 -55.821197999999995
965 0.21485595
970 -26.58225
975 2.7021408
980 3.395514
985 -47.678740000000005
990 8.809536999999999
995 27.374465999999998
1000 36.128409999999995
1005 37.686370000000004
1010 -0.36499405
1015 -41.995792
1020 2.1604881000000002
1025 48.10418
1030 38.455803
1035 3.0683868
1040 29.20754
1045 45.475834000000006
1050 30.363315999999998
1055 45.18565
1060 48.01934
1065 48.865334000000004
1070 49.817209999999996
1075 59.58728000000001
1080 -57.24159
1085 -13.282618
1090 -1.1581948
1095 52.805298
1100 35.092438
1105 42.78051
1110 71.92599
1115 69.91963
1120 63.738609999999994
1125 76.054565
1130 19.97799
1135 48.57847
1140 82.50519
1145 -51.072823
1150 36.547962
1155 69.92958
1160 66.79829000000001
1165 78.54687
1170 -68.10134000000001
1175 -78.9637
1180 42.245697
1185 -13.239235
1190 6.300232
1195 58.880993000000004
1200 52.300804
1205 -15.630645999999999
1210 26.078176000000003
1215 -2.9866588
1220 55.14215
1225 50.89816
1230 11.615875
1235 49.367622
1240 9.917226
1245 44.061783
1250 9.7212925
1255 103.009155
1260 93.981995
1265 47.977478000000005
1270 15.533307
1275 105.61643000000001
1280 -0.7764198
1285 79.10215
1290 -21.030903
1295 58.940918
1300 35.275127000000005
1305 19.391516
1310 -14.812643
1315 55.90566
1320 -87.7605
1325 -74.372765
1330 -64.32656
1335 -87.30969
1340 -7.877424700000001
1345 -53.778923
1350 -95.69781
1355 -83.97809000000001
1360 -67.325035
1365 -24.792782
1370 22.041798
1375 23.487420999999998
1380 23.408317999999998
1385 -20.591581
1390 -0.7588593000000001
1395 5.977707
1400 49.39873
1405 -24.339136
1410 7.4087586
1415 3.8262649
1420 68.10902
1425 76.298744
1430 15.217749
1435 34.880035
1440 -0.3409439
1445 -20.284057999999998
1450 30.121740000000003
1455 14.807326999999999
1460 23.653728
1465 66.84985999999999
1470 54.872
1475 65.67012
1480 63.675476
1485 59.011756999999996
1490 108.91373999999999
1495 104.3598
1500 73.53499599999999
1505 92.36967
1510 56.791035
1515 70.62056
1520 49.828808
1525 -6.636847
1530 63.749603
1535 62.781487
1540 95.43648
1545 -4.6885047
1550 -10.030134
1555 81.2166
1560 37.389374
1565 31.925644000000002
1570 74.63600000000001
1575 87.56889
1580 104.22787
1585 86.97632
1590 102.737686
1595 53.620697
1600 88.142044
1605 124.18938
1610 99.50166
1615 128.79451
1620 53.74276
1625 100.820335
1630 81.23966999999999
1635 -14.033968
1640 54.691295999999994
1645 21.370977
1650 -39.627205
1655 -17.386337
1660 26.799691999999997
1665 -58.41146
1670 -44.983356
1675 -72.017105
1680 -11.175699
1685 -52.555797999999996
1690 -10.967064
1695 30.620123
1700 -49.18006
1705 -47.883533
1710 9.842317999999999
1715 61.9849
1720 64.93558
1725 62.324963000000004
1730 91.99831400000001
1735 69.4232
1740 103.45872
1745 115.3546
1750 103.58159
1755 102.21128
1760 19.692028
1765 53.858986
1770 0.14963531
1775 85.12910500000001
1780 35.31487
1785 34.093773
1790 69.63071
1795 42.99053
1800 58.100882999999996
1805 49.165363
1810 89.46989
1815 -6.4100556
1820 -13.657913
1825 76.15077
1830 73.97882
1835 47.648808
1840 45.904015
1845 61.358833
1850 9.540624000000001
1855 88.22475
1860 30.017115000000004
1865 45.336967
1870 64.7245
1875 -14.657732999999999
1880 -11.379648
1885 30.719488000000002
1890 76.03895
1895 53.270813000000004
1900 22.875687
1905 59.720978
1910 12.593289
1915 78.79463
1920 -22.167278
1925 9.888457
1930 57.607643
1935 15.16097
1940 8.500249
1945 16.290678
1950 10.490143
1955 -22.43216
1960 -0.98272324
1965 -6.621836
1970 20.491557999999998
1975 30.976562
1980 10.223618
1985 -21.319757
1990 -19.768663
1995 -22.206688
2000 -38.169340000000005
2005 -9.01711
2010 18.078210000000002
2015 55.88065699999999
2020 41.456109999999995
2025 76.000114
2030 91.73736
2035 -2.677266
2040 56.16511
2045 105.051254
2050 106.90439599999999
2055 118.20506
2060 100.46816
2065 74.67971
2070 64.464096
2075 67.68092
2080 67.03116
2085 53.5684
2090 73.63704
2095 99.10646
2100 139.09308000000001
2105 67.08403
2110 85.06822
2115 135.30354
2120 147.01033
2125 144.63773999999998
2130 81.36974000000001
2135 97.974075
2140 131.7131
2145 105.8104
2150 144.70602
2155 131.9173
2160 142.94894
2165 144.41936
2170 104.45016
2175 167.26202
2180 133.70396000000002
2185 154.88547
2190 150.99083000000002
2195 154.21732
2200 145.74292
2205 155.12802
2210 163.23785
2215 158.61751
2220 128.0317
2225 146.98933
2230 147.2367
2235 154.07277
2240 156.59412
2245 166.3356
2250 158.21855
2255 124.280396
2260 162.81516000000002
2265 119.65806
2270 163.91475
2275 160.86288000000002
2280 158.21793
2285 165.60143
2290 152.52237
2295 160.64522
2300 161.55109
2305 154.28165
2310 160.90263000000002
2315 167.77905
2320 168.09917
2325 165.04446000000002
2330 155.51558
2335 155.86473
2340 120.62421
2345 151.02283
2350 158.14197
2355 104.16317
2360 103.24065999999999
2365 148.82686999999999
2370 133.84798
2375 159.2609
2380 163.68541000000002
2385 161.69376
2390 122.288925
2395 120.82664
2400 143.59436000000002
2405 149.1091
2410 145.87442
2415 127.85401999999999
2420 130.48178000000001
2425 147.72101999999998
2430 130.26077
2435 92.43579
2440 130.16318
2445 133.2141
2450 138.21825
2455 143.00323
2460 126.818825
2465 81.72251
2470 162.06458999999998
2475 64.01695
2480 114.81511
2485 143.82237
2490 126.957726
2495 156.3867
2500 116.511086
2505 169.97371
2510 166.81912
2515 163.5563
2520 154.39885
2525 77.53915
2530 164.83037
2535 129.53572
2540 92.92654399999999
2545 163.0924
2550 163.64133
2555 113.59635
2560 167.23641999999998
2565 178.9327
2570 78.28056
2575 117.430954
2580 2.698503
2585 146.5811
2590 161.4214
2595 177.52159
2600 167.30264
2605 104.42004399999999
2610 167.86858
2615 162.91411000000002
2620 171.77342
2625 173.05338
2630 147.66898999999998
2635 110.799706
2640 170.22156999999999
2645 62.898125
2650 117.895424
2655 164.10268
2660 124.10399
2665 174.40042
2670 133.49942
2675 169.46559
2680 16.158398000000002
2685 111.843094
2690 68.395424
2695 85.95806
2700 93.82664
2705 9.4033985
2710 110.318924
2715 121.68458999999999
2720 127.93458999999999
2725 131.17136000000002
2730 121.2344
2735 126.04435
2740 102.17981
2745 118.43579
2750 128.76671000000002
2755 135.69863999999998
2760 130.76431000000002
2765 141.90617
2770 141.32356000000001
2775 141.16222
2780 136.16597
2785 134.88521
2790 145.67389
2795 103.95485
2800 138.23819
2805 50.818375
2810 96.419495
2815 145.58745
2820 123.183334
2825 136.14546
2830 137.07553000000001
2835 138.1872
2840 98.71511
2845 133.25671
2850 135.82622
2855 81.55093000000001
2860 114.09285
2865 145.0527
2870 132.13433999999998
2875 146.29192
2880 142.28625
2885 146.43613
2890 115.198425
2895 123.667076
2900 115.8974
2905 124.96876999999999
2910 122.17976000000002
2915 105.87695
2920 103.37955500000001
2925 139.61992
2930 129.82645
2935 139.93918
2940 140.36777
2945 130.57565
2950 130.60771
2955 125.17623
2960 108.31003600000001
2965 123.18351000000001
2970 107.272095
2975 123.87223
2980 94.310524
2985 114.95643999999999
2990 105.29148
2995 127.82933
3000 99.20988
3005 121.74338999999999
3010 107.23988999999999
3015 120.62406999999999
3020 118.7415
3025 111.611595
3030 120.617294
3035 118.23376499999999
3040 121.79602
3045 129.48286000000002
3050 138.64868
3055 140.1209
3060 129.75896
3065 139.07768000000002
3070 145.56808
3075 144.25931
3080 139.53429
3085 143.5211
3090 148.68173000000002
3095 153.07175
3100 145.63266000000002
3105 139.80334
3110 142.78114
3115 113.361084
3120 133.11238
3125 134.51376000000002
3130 144.97131000000002
3135 141.41092
3140 136.58443
3145 136.6289
3150 141.3964
3155 142.34412
3160 128.50252
3165 141.22305
3170 121.11371000000001
3175 125.4316
3180 127.84998999999999
3185 97.94551
3190 108.90802
3195 120.55855
3200 129.52559
3205 154.04813000000001
3210 137.81735
3215 144.24837
3220 145.0981
3225 158.34102
3230 159.18178
3235 151.48726000000002
3240 154.2802
3245 110.19375
3250 172.85141000000002
3255 163.02834
3260 88.48015
3265 90.15987
3270 4.741643
3275 69.45675
3280 99.438965
3285 -6.630936599999999
3290 79.16006999999999
3295 90.052284
3300 91.64104
3305 -19.740976
3310 94.16244
3315 136.60133000000002
3320 186.32352
3325 155.33438
3330 57.22691
3335 144.7043
3340 126.09773
3345 106.1505
3350 116.291306
3355 135.25777
3360 168.89969
3365 136.81467
3370 133.99733999999998
3375 150.62045
3380 115.26353
3385 102.276855
3390 101.42356
3395 75.678635
3400 90.50018
3405 101.30629
3410 95.69192
3415 62.007996
3420 104.07478
3425 98.85905
3430 100.60693
3435 104.05764
3440 74.65651
3445 115.00318999999999
3450 124.63108000000001
3455 86.151596
3460 83.46927
3465 88.46389
3470 53.585003
3475 109.38518
3480 122.86123
3485 87.8849
3490 59.950306000000005
3495 -55.065826
3500 -146.92766
3505 -121.3223
3510 -113.75525
3515 -155.2125
3520 -138.36484
3525 -148.2115
3530 -138.15663
3535 -140.43922
3540 -140.10773999999998
3545 -138.19827
3550 -140.46292
3555 -141.28036
3560 -156.17126000000002
3565 -140.82343999999998
3570 -139.1162
3575 -139.02106
3580 -139.24911
3585 -138.79324
3590 -139.50874
3595 -139.26341000000002
3600 -138.75732
3605 -140.53791999999999
3610 -140.35803
3615 -140.40125
3620 -139.03873000000002
3625 -140.03922
3630 -140.13846999999998
3635 -139.95571999999999
3640 -139.3906
3645 -149.87373
3650 -138.63943
3655 -139.1108
3660 -139.13736
3665 -139.09326000000001
3670 -139.44002
3675 -138.78464
3680 -139.57956000000001
3685 -139.55516
3690 -147.91911000000002
3695 -138.75285
3700 -141.13164
3705 -140.22891
3710 -139.76564
3715 -141.49475
3720 -156.58871000000002
3725 -158.2875
3730 -157.10226
3735 -138.36931
3740 -138.53697
3745 -139.40738000000002
3750 -138.7505
3755 -138.33633
3760 -139.26476
3765 -139.63713
3770 -139.81273000000002
3775 -139.245
3780 -139.63284
3785 -139.76474
3790 -140.30993999999998
3795 -140.20748999999998
3800 -157.23337
3805 -147.05698999999998
3810 -147.17802
3815 -138.99837
3820 -139.02246
3825 -138.66092
3830 -138.8609
3835 -138.57675
3840 -139.41154
3845 -139.13615
3850 -139.64902
3855 -140.05234
3860 -138.25957
3865 -141.4476
3870 -140.12694
3875 -140.73105
3880 -156.91544
3885 -157.63423
3890 -147.53384
3895 -138.42427
3900 -138.98928999999998
3905 -138.0892
3910 -138.41165
3915 -138.9915
3920 -139.9805
3925 -138.98221999999998
3930 -139.60826
3935 -140.06108
3940 -140.181
3945 -139.54607
3950 -141.35605
3955 -141.33229
3960 -166.0741
3965 -138.55884
3970 -166.11494
3975 -157.6597
3980 -139.27632
3985 -138.84108
3990 -138.82611
3995 -138.97206
4000 -139.79666
4005 -139.63057
4010 -139.30649
4015 -147.43254
4020 -139.56958
4025 -140.2667
4030 -140.46362
4035 -139.06482
4040 -156.84106
4045 -165.94095
4050 -157.5488
4055 -139.44601
4060 -139.23135
4065 -138.80818
4070 -139.22224
4075 -139.00491
4080 -138.8703
4085 -140.20566000000002
4090 -139.94554
4095 -139.81007
4100 -139.7496
4105 -139.95175
4110 -140.33807
4115 -141.33101000000002
4120 -139.47685
4125 -164.92361
4130 -140.54238999999998
4135 -158.2635
4140 -148.9301
4145 -139.30954
4150 -139.0485
4155 -138.60089
4160 -138.53538999999998
4165 -139.50356000000002
4170 -139.05449
4175 -139.88956000000002
4180 -139.88213000000002
4185 -139.51981999999998
4190 -139.52937
4195 -141.97786000000002
4200 -147.96136
4205 -156.41727
4210 -158.27669
4215 -164.81534
4220 -156.33919
4225 -139.25345
4230 -139.3125
4235 -138.88339
4240 -139.66031
4245 -139.63962
4250 -140.00046
4255 -139.02053999999998
4260 -138.78377
4265 -141.38089
4270 -140.33517
4275 -139.47336
4280 -149.273
4285 -141.76611
4290 -148.2009
4295 -174.10036000000002
4300 -156.3605
4305 -139.36917
4310 -139.05026
4315 -138.60135
4320 -139.4469
4325 -139.61467
4330 -139.42061999999999
4335 -138.76082
4340 -139.60565
4345 -138.70906000000002
4350 -139.97942
4355 -140.43427
4360 -148.33946
4365 -140.5324
4370 -148.30664
4375 -148.6596
4380 -139.10089
4385 -139.25598
4390 -139.64241
4395 -139.47801
4400 -139.565
4405 -139.36803
4410 -139.47807
4415 -139.96251999999998
4420 -139.07639
4425 -138.31421
4430 -140.23718
4435 -140.49881000000002
4440 -157.7891
4445 -156.34503
4450 -148.60371
4455 -157.63116000000002
4460 -164.86887
4465 -148.3304
4470 -139.25468
4475 -139.1637
4480 -138.6444
4485 -139.0969
4490 -139.27039
4495 -139.52216
4500 -140.00536
4505 -139.90237
4510 -140.38339
4515 -140.48183999999998
4520 -147.78163
4525 -156.09148000000002
4530 -147.49333000000001
4535 -157.4301
4540 -140.21051
4545 -158.29451
4550 -139.98306000000002
4555 -138.96825
4560 -139.97153
4565 -139.95425
4570 -139.16154
4575 -139.48003
4580 -138.93303999999998
4585 -139.28088
4590 -148.34563
4595 -138.64854
4600 -147.74768
4605 -148.31476
4610 -155.9898
4615 -157.21626
4620 -147.22748
4625 -164.90895
4630 -138.1576
4635 -139.00423
4640 -138.95259
4645 -140.00635
4650 -139.34233
4655 -138.45391999999998
4660 -139.49219
4665 -139.56294
4670 -139.06413
4675 -139.56625
4680 -139.23271
4685 -157.91308999999998
4690 -148.65631000000002
4695 -139.34406
4700 -156.38113
4705 -155.92328
4710 -149.429
4715 -138.50778
4720 -139.85312
4725 -139.72705
4730 -140.94666
4735 -138.5793
4740 -139.03342
4745 -139.09125
4750 -139.37363
4755 -139.41974
4760 -148.54428000000001
4765 -138.23245
4770 -149.41061000000002
4775 -147.09683
4780 -157.20821999999998
4785 -157.17915
4790 -147.94423999999998
4795 -156.35188
4800 -138.96364
4805 -138.92012
4810 -138.8778
4815 -139.27385
4820 -138.3803
4825 -139.40753
4830 -138.6154
4835 -148.4692
4840 -147.85773999999998
4845 -156.02371000000002
4850 -155.99641
4855 -147.55501
4860 -156.03528
4865 -141.7834
4870 -155.94351
4875 -148.2198
4880 -139.52727
4885 -139.32529
4890 -138.47543000000002
4895 -138.80344
4900 -139.02112
4905 -138.86848
4910 -139.1847
4915 -139.5646
4920 -139.50235
4925 -140.30019
4930 -141.78452
4935 -140.58755
4940 -140.36508
4945 -140.76782
4950 -139.47723
4955 -139.37964
4960 -139.16856
4965 -138.85128999999998
4970 -139.48979
4975 -139.04141
4980 -139.08517
4985 -138.67569
4990 -139.26093999999998
4995 -139.30006
5000 -139.24916000000002
5005 -139.72751
5010 -140.19473
5015 -141.30972
5020 -141.0065
5025 -140.68025
5030 -140.17897
5035 -138.42557
5040 -148.12202
5045 -138.74673
5050 -138.84503
5055 -139.19487
5060 -138.6973
5065 -138.88488999999998
5070 -138.77473
5075 -139.32596
5080 -140.45586
5085 -139.90492
5090 -140.79807
5095 -140.4255
5100 -140.45218
5105 -141.20618000000002
5110 -140.41782
5115 -139.63171
5120 -138.12906999999998
5125 -139.06265
5130 -139.25345
5135 -138.82486
5140 -138.74309
5145 -138.9932
5150 -138.93948
5155 -138.87491
5160 -138.84048
5165 -139.7168
5170 -140.92683
5175 -140.43742
5180 -140.05321999999998
5185 -140.04639
5190 -140.60518000000002
5195 -139.27628
5200 -147.87956
5205 -148.71832
5210 -138.92813
5215 -139.3313
5220 -139.57796000000002
5225 -139.233
5230 -139.25378
5235 -139.16428
5240 -139.85568
5245 -148.68553
5250 -139.83014
5255 -140.81866000000002
5260 -139.14016999999998
5265 -140.30505
5270 -138.88016000000002
5275 -141.54153
5280 -147.75806
5285 -157.10503
5290 -138.55905
5295 -139.13069
5300 -139.16267
5305 -139.27597
5310 -138.71407
5315 -138.51125
5320 -139.65598
5325 -139.47018
5330 -140.75925
5335 -140.3636
5340 -138.92264
5345 -139.34909
5350 -138.23448
5355 -141.03372
5360 -147.8833
5365 -148.32602
5370 -147.95515
5375 -139.49219
5380 -139.7642
5385 -139.46303
5390 -139.84866
5395 -138.94798
5400 -139.30399
5405 -138.94876000000002
5410 -149.02847
5415 -141.22188
5420 -140.10294
5425 -138.88303
5430 -139.7151
5435 -140.43558000000002
5440 -148.52568
5445 -148.26703999999998
5450 -139.08725
5455 -139.2113
5460 -139.22246
5465 -139.5455
5470 -139.2269
5475 -139.23266999999998
5480 -140.11919
5485 -139.82529
5490 -140.5382
5495 -139.72513
5500 -139.46436
5505 -140.71948
5510 -140.16433999999998
5515 -141.09953000000002
5520 -147.78839
5525 -142.97307
5530 -138.96268999999998
5535 -139.18473999999998
5540 -138.93999
5545 -139.09863
5550 -139.47827
5555 -139.10393
5560 -139.27823999999998
5565 -139.9469
5570 -139.84714
5575 -148.39774
5580 -139.94737
5585 -139.82051
5590 -139.3873
5595 -141.468
5600 -149.70523
5605 -139.16325
5610 -148.21213
5615 -139.01346
5620 -139.84428
5625 -139.5479
5630 -139.31462
5635 -139.43152
5640 -138.2754
5645 -140.19503999999998
5650 -139.974
5655 -147.76958
5660 -140.1232
5665 -139.75378
5670 -139.08363
5675 -140.25027
5680 -140.3242
5685 -139.82856999999998
5690 -156.03806
5695 -148.63138
5700 -139.26973
5705 -139.40091
5710 -138.96411
5715 -139.06552
5720 -140.09973
5725 -138.55626999999998
5730 -139.10962
5735 -139.27106
5740 -140.04651
5745 -141.73748999999998
5750 -141.5635
5755 -140.65798999999998
5760 -138.90215
5765 -155.95963
5770 -147.42519
5775 -148.20713999999998
5780 -138.96289
5785 -139.14291
5790 -138.68437
5795 -138.9225
5800 -139.60031
5805 -139.68176
5810 -139.61365
5815 -139.54886000000002
5820 -148.38528
5825 -140.06723
5830 -139.15823
5835 -139.7743
5840 -147.29453
5845 -164.8787
5850 -157.1281
5855 -140.4927
5860 -147.03128
5865 -139.34116
5870 -138.77989
5875 -139.0664
5880 -139.01045
5885 -140.20523
5890 -140.13076999999998
5895 -139.02097
5900 -138.45453
5905 -139.70433
5910 -139.4021
5915 -139.22146999999998
5920 -149.16988999999998
5925 -149.43027
5930 -164.88313
5935 -147.92678999999998
5940 -164.93563999999998
5945 -139.61241
5950 -139.39037
5955 -138.76851000000002
5960 -139.37732
5965 -139.33154
5970 -139.51935
5975 -139.72252
5980 -139.49728000000002
5985 -140.18857
5990 -139.65666000000002
5995 -140.15677
6000 -156.35695
6005 -147.48502
6010 -165.55872
6015 -150.9813
6020 -156.46938
6025 -148.60461
6030 -139.4459
6035 -139.27868999999998
6040 -139.39508
6045 -139.25429
6050 -139.41971
6055 -138.8063
6060 -140.37813
6065 -139.23618000000002
6070 -139.41426
6075 -140.06392
6080 -139.70493000000002
6085 -156.43777
6090 -164.89601000000002
6095 -147.13106000000002
6100 -148.18388000000002
6105 -138.2953
6110 -139.15044
6115 -138.42291
6120 -139.49582
6125 -140.42824
6130 -140.23398
6135 -139.41289
6140 -139.07112
6145 -139.3143
6150 -140.60869
6155 -140.47937
6160 -147.82027
6165 -166.4974
6170 -155.92383
6175 -148.71838
6180 -157.17805
6185 -147.03903
6190 -139.09024
6195 -139.2702
6200 -138.9774

6205  -147.89484
6210  -139.9373
6215  -141.31581
6220  -139.64278
6225  -140.88232
6230  -139.01006
6235  -141.00633
6240  -140.01413
6245  -147.4266
6250  -138.97389
6255  -138.94388
6260  -139.34036
6265  -139.5314
6270  -139.08366
6275  -139.07748
6280  -138.40494
6285  -138.71329
6290  -140.51028
6295  -141.29842
6300  -141.2713
6305  -141.27359
6310  -139.31662
6315  -141.56873
6320  -139.14687
6325  -140.61105
6330  -139.90152
6335  -138.64682
6340  -139.47499
6345  -139.53384
6350  -138.9992
6355  -138.87743
6360  -138.99474
6365  -138.60696
6370  -139.216
6375  -139.2859
6380  -139.68257
6385  -139.88147
6390  -140.94386
6395  -141.21033
6400  -140.63403
6405  -147.19408
6410  -148.18869
6415  -139.34993
6420  -138.37473
6425  -139.36887
6430  -139.44347
6435  -139.27243
6440  -138.81511
6445  -139.55415
6450  -139.42851
6455  -140.50891
6460  -139.75302
6465  -139.41084
6470  -140.0842
6475  -141.25491
6480  -140.09001
6485  -164.77397
6490  -147.90456
6495  -139.14738
6500  -139.65271
6505  -138.62808
6510  -139.04889
6515  -139.29715
6520  -139.28983
6525  -139.6872
6530  -140.69211
6535  -140.14372
6540  -141.34152
6545  -140.75009
6550  -141.1958
6555  -139.96974
6560  -140.57904
6565  -146.98318
6570  -149.77327
6575  -139.8361
6580  -138.46579
6585  -139.41508
6590  -139.70023
6595  -139.34415
6600  -139.26865
6605  -139.66801
6610  -140.27979
6615  -141.14296
6620  -140.82059
6625  -139.36467
6630  -140.37906
6635  -138.76299
6640  -142.11882
6645  -157.62003
6650  -150.64487
6655  -148.0088
6660  -138.98344
6665  -138.97961
6670  -139.04076
6675  -139.27193
6680  -139.28398
6685  -138.8263
6690  -140.28674
6695  -139.25534
6700  -138.7314
6705  -140.45049
6710  -140.82506
6715  -141.1696
6720  -140.0031
6725  -149.67363
6730  -166.06006
6735  -155.98207
6740  -139.15544
6745  -139.20934
6750  -138.99484
6755  -138.9517
6760  -139.02603
6765  -138.65948
6770  -140.3475
6775  -140.7189
6780  -141.30914
6785  -140.77672
6790  -139.67738
6795  -140.18953
6800  -140.05098
6805  -165.98752
6810  -157.27023
6815  -164.90067
6820  -140.18694
6825  -138.61269
6830  -139.19061
6835  -138.54004
6840  -139.42302
6845  -139.9426
6850  -140.04805
6855  -139.04126
6860  -138.7843
6865  -139.13971
6870  -140.49942
6875  -139.70493
6880  -140.91927
6885  -156.88939
6890  -157.14047
6895  -147.08713
6900  -148.68552
6905  -139.34831
6910  -139.03232
6915  -139.30324
6920  -138.88208
6925  -139.12282
6930  -139.0837
6935  -138.93945
6940  -141.5168
6945  -140.14243
6950  -142.04396
6955  -139.68056
6960  -140.30582
6965  -149.06161
6970  -157.53001
6975  -158.74347
6980  -148.27469
6985  -139.58617
6990  -139.10005
6995  -139.01456
7000  -139.33997
7005  -139.71532
7010  -140.12415
7015  -139.40918
7020  -138.42514
7025  -140.61458
7030  -140.38782
7035  -140.58163
7040  -139.89511
7045  -157.37149
7050  -139.46774
7055  -155.99767
7060  -157.8894
7065  -138.81497
7070  -139.62836
7075  -139.58301
7080  -138.6102
7085  -138.97478
7090  -139.04861
7095  -139.40166
7100  -139.50577
7105  -140.68137
7110  -141.12747
7115  -141.38658
7120  -139.46191
7125  -147.76645
7130  -139.80042
7135  -139.39589
7140  -149.46786
7145  -148.54172
7150  -139.1169
7155  -139.12201
7160  -138.88977
7165  -140.98819
7170  -138.95073
7175  -139.20341
7180  -139.73491
7185  -138.97173
7190  -139.35039
7195  -140.15994
7200  -141.15141
7205  -138.8715
7210  -147.4104
7215  -138.66818
7220  -156.78467
7225  -156.45482
7230  -147.77339
7235  -139.46811
7240  -138.98962
7245  -139.48782
7250  -139.10751
7255  -137.99792
7260  -139.3641
7265  -138.99872
7270  -138.61234
7275  -139.97855
7280  -141.40294
7285  -140.68321
7290  -147.14714
7295  -164.85652
7300  -165.21956
7305  -155.92368
7310  -147.80965
7315  -139.17722
7320  -138.87288
7325  -139.51845
7330  -140.49995
7335  -140.82422
7340  -139.05319
7345  -139.44241
7350  -139.39714
7355  -138.84106
7360  -141.15005
7365  -148.61604
7370  -139.8041
7375  -165.93747
7380  -157.57205
7385  -157.64017
7390  -174.96349
7395  -139.36516
7400  -138.73682
7405  -138.78117
7410  -138.92479
7415  -139.4557
7420  -139.13675
7425  -138.96951
7430  -139.07841
7435  -139.9097
7440  -139.77802
7445  -141.68777
7450  -148.28667
7455  -158.43356
7460  -147.90173
7465  -166.09944
7470  -148.68163
7475  -149.27927
7480  -139.14787
7485  -139.37454
7490  -139.72331
7495  -140.08365
7500  -138.97139
7505  -138.42636
7510  -140.10736
7515  -138.00537
7520  -138.30046
7525  -158.36713
7530  -148.21964
7535  -157.21626
7540  -147.83896
7545  -166.08247
7550  -139.07597
7555  -156.91463
7560  -138.22702
7565  -139.39131
7570  -139.33942
7575  -138.62659
7580  -139.48613
7585  -140.82478
7590  -140.17271
7595  -138.94958
7600  -140.10208
7605  -148.48994
7610  -149.03111
7615  -156.44217
7620  -173.75587
7625  -158.37259
7630  -147.91006
7635  -166.0521
7640  -139.2675
7645  -139.47568
7650  -139.22916
7655  -139.16086
7660  -139.51852
7665  -139.5798
7670  -138.94576
7675  -140.17094
7680  -138.76648
7685  -147.08621
7690  -166.13579
7695  -158.82661
7700  -157.16246
7705  -139.46452
7710  -148.25577
7715  -140.58582
7720  -148.97551
7725  -139.446
7730  -138.29616
7735  -140.461
7740  -139.43362
7745  -139.59811
7750  -139.7875
7755  -140.38501
7760  -147.33987
7765  -165.57379
7770  -148.31712
7775  -157.12822
7780  -156.46042
7785  -158.37537
7790  -147.46426
7795  -157.16788
7800  -149.497
7805  -138.77686
7810  -138.91386
7815  -139.01622
7820  -139.56332
7825  -139.57646
7830  -138.71423
7835  -138.7757
7840  -138.41927
7845  -148.66034
7850  -141.43654
7855  -139.67291
7860  -139.44688
7865  -141.42415
7870  -139.60857
7875  -139.02689
7880  -140.07698
7885  -148.33664
7890  -139.03716
7895  -138.60358
7900  -138.95535
7905  -138.63081
7910  -138.84009
7915  -139.22226
7920  -139.1395
7925  -140.13382
7930  -140.371
7935  -139.15312
7940  -140.8281
7945  -139.62645
7950  -138.7385
7955  -140.7507
7960  -140.75406
7965  -148.38232
7970  -138.43242
7975  -139.05893
7980  -138.70897
7985  -138.97781
7990  -138.62428
7995  -138.96216
8000  -139.35448
8005  -139.31827
8010  -140.40004
8015  -138.31241
8020  -140.51245
8025  -140.44345
8030  -139.76834
8035  -140.35872
8040  -140.0564
8045  -148.12794
8050  -138.53493
8055  -138.36093
8060  -138.6566
8065  -138.68816
8070  -139.09671
8075  -139.51692
8080  -139.7662
8085  -138.68517
8090  -139.20312
8095  -140.15036
8100  -140.8138
8105  -140.3392
8110  -139.60739
8115  -139.60799
8120  -140.22116
8125  -148.32492
8130  -156.12881
8135  -138.40439
8140  -139.28687
8145  -139.06406
8150  -138.71709
8155  -139.10616
8160  -139.02693
8165  -139.87666
8170  -139.54044
8175  -140.86731
8180  -140.28654
8185  -139.66843
8190  -140.42903
8195  -140.07289
8200  -141.56352
8205  -139.90198
8210  -173.70265
8215  -138.59436
8220  -139.2323
8225  -138.54092
8230  -139.48608
8235  -139.29518
8240  -139.49072
8245  -138.94409
8250  -140.05241
8255  -148.42787
8260  -139.83183
8265  -140.15442
8270  -138.94084
8275  -139.82014
8280  -142.09676
8285  -173.68315
8290  -157.16731
8295  -148.24637
8300  -138.86519
8305  -138.45671
8310  -138.75484
8315  -139.26999
8320  -138.77498
8325  -138.65897
8330  -138.05151
8335  -139.79799
8340  -138.96985
8345  -140.98746
8350  -140.40305
8355  -139.63702
8360  -140.45418
8365  -165.15567
8370  -141.70935
8375  -142.23276
8380  -138.8271
8385  -138.97807
8390  -139.42802
8395  -138.66016
8400  -139.42366
8405  -139.28476
8410  -139.57251
8415  -139.7735
8420  -139.79282
8425  -140.33504
8430  -140.61345
8435  -141.07733
8440  -141.45169
8445  -156.89722
8450  -149.57385
8455  -166.05899
8460  -139.22122
8465  -139.27121
8470  -139.3366
8475  -138.84631
8480  -138.8212
8485  -138.25919
8490  -138.53609
8495  -138.36551
8500  -139.28485
8505  -140.23502
8510  -138.91455
8515  -139.92763
8520  -139.57568
8525  -156.67673
8530  -147.09122
8535  -147.48329
8540  -140.68216
8545  -138.27705
8550  -139.52306
8555  -139.04152
8560  -138.99397
8565  -137.94641
8570  -139.73279
8575  -139.70792
8580  -138.07123
8585  -141.39957
8590  -140.56522
8595  -140.92229
8600  -141.24171
8605  -147.35667
8610  -156.08018
8615  -148.59073
8620  -139.89876
8625  -139.39174
8630  -138.9145
8635  -139.17052
8640  -138.21616
8645  -138.30545
8650  -139.72173
8655  -139.05809
8660  -138.51042
8665  -139.51382
8670  -138.47183
8675  -140.31812
8680  -140.16985
8685  -138.46208
8690  -139.17587
8695  -147.53313
8700  -157.54306
8705  -139.87784
8710  -139.38445
8715  -138.67957
8720  -138.88077
8725  -138.84683
8730  -138.97963
8735  -139.66806
8740  -139.13542
8745  -139.3814
8750  -138.74165
8755  -139.74223
8760  -140.6395
8765  -139.71169
8770  -138.21683
8775  -167.22694
8780  -149.45587
8785  -157.07683
8790  -138.7445
8795  -139.59082
8800  -138.99728
8805  -139.16605
8810  -138.65862
8815  -139.30023
8820  -138.4015
8825  -139.55989
8830  -138.71228
8835  -140.56429
8840  -139.5476
8845  -149.2294
8850  -147.54724
8855  -174.24583
8860  -140.39148
8865  -182.68857
8870  -139.65413
8875  -139.28984
8880  -138.86719
8885  -139.22874
8890  -139.57878
8895  -139.47343
8900  -139.1706
8905  -139.27396
8910  -138.62613
8915  -140.0708
8920  -138.53488
8925  -139.2822
8930  -142.06339
8935  -157.07397
8940  -147.10287
8945  -157.15767
8950  -139.24344
8955  -139.25981
8960  -139.47165
8965  -139.15173
8970  -139.95193
8975  -140.22838
8980  -138.04756
8985  -139.24934
8990  -140.71191
8995  -139.72578
9000  -141.10323
9005  -165.96712
9010  -140.24522
9015  -173.74626
9020  -138.25758
9025  -138.4888
9030  -148.6361
9035  -139.62312
9040  -139.53497
9045  -139.95036
9050  -139.87468
9055  -139.00246
9060  -139.58972
9065  -138.89279
9070  -139.53488
9075  -140.28503
9080  -141.61403
9085  -142.41638
9090  -148.68156
9095  -148.27438
9100  -157.20517
9105  -139.46767
9110  -157.1507
9115  -140.45245
9120  -138.88474
9125  -139.82388
9130  -137.96051
9135  -139.4252
9140  -140.1578
9145  -139.2904
9150  -139.02887
9155  -139.71277
9160  -139.95386
9165  -139.02646
9170  -149.36905
9175  -157.55777
9180  -164.88902
9185  -148.21988
9190  -148.62454
9195  -139.9643
9200  -138.90569
9205  -139.376
9210  -139.82748
9215  -139.0421
9220  -139.09401
9225  -140.00406
9230  -138.43999
9235  -140.26883
9240  -148.66699
9245  -147.86255
9250  -159.4722
9255  -149.34503
9260  -166.00769
9265  -147.18185
9270  -149.47232
9275  -157.18806
9280  -139.03227
9285  -139.62961
9290  -138.95663
9295  -140.25528
9300  -139.41534
9305  -138.41881
9310  -139.8824
9315  -138.4477
9320  -140.72636
9325  -148.8118
9330  -157.58504
9335  -142.20631
9340  -139.37634
9345  -139.87137
9350  -156.45569
9355  -149.39615
9360  -141.02547
9365  -138.84592
9370  -139.84628
9375  -139.3936
9380  -140.65369
9385  -139.20241
9390  -138.54385
9395  -140.42908
9400  -140.78091
9405  -156.74448
9410  -139.4034
9415  -148.61719
9420  -165.2568
9425  -140.91551
9430  -149.06255
9435  -147.1397
9440  -157.12798
9445  -138.95291
9450  -139.64801
9455  -139.38608
9460  -138.4591
9465  -139.3012
9470  -139.23344
9475  -138.9609
9480  -138.79646
9485  -138.52557
9490  -140.70992
9495  -140.5209
9500  -140.65897
9505  -138.80199
9510  -140.9334
9515  -139.73848
9520  -142.13965
9525  -139.38452
9530  -138.77803
9535  -138.9833
9540  -139.0682
9545  -139.09656
9550  -138.97456
9555  -139.16371
9560  -139.37961
9565  -139.92892
9570  -139.68193
9575  -139.5953
9580  -139.99527
9585  -140.8239
9590  -141.2001
9595  -140.26964
9600  -138.60603
9605  -139.34563
9610  -138.37888
9615  -138.81021
9620  -137.9935
9625  -138.61636
9630  -139.2453
9635  -139.36107
9640  -139.65512
9645  -138.98506
9650  -147.78119
9655  -140.18796
9660  -139.9525
9665  -140.99564
9670  -139.78932
9675  -139.66788
9680  -140.04996
9685  -139.68517
9690  -148.2175
9695  -138.88022
9700  -139.40962
9705  -139.26251
9710  -139.16943
9715  -138.64926
9720  -139.16147
9725  -140.29135
9730  -138.53496
9735  -140.94499
9740  -140.54086
9745  -141.78093
9750  -140.42429
9755  -140.94424
9760  -139.94217
9765  -149.71378
9770  -147.29196
9775  -139.2526
9780  -139.59558
9785  -139.06406
9790  -139.53786
9795  -139.30049
9800  -139.02734
9805  -139.01456
9810  -139.3822
9815  -142.32713
9820  -138.74577
9825  -138.76562
9830  -140.5479
9835  -139.8667
9840  -139.75479
9845  -141.72821
9850  -140.46906
9855  -138.2341
9860  -139.26901
9865  -138.8711
9870  -139.2828
9875  -138.85493
9880  -139.18008
9885  -139.15964
9890  -139.24081
9895  -138.8085
9900  -139.68745
9905  -140.01755
9910  -140.52759
9915  -140.94144
9920  -139.66492
9925  -140.16139
9930  -149.48547
9935  -138.54272
9940  -139.04327
9945  -138.73444
9950  -139.65625
9955  -139.22304
9960  -138.62454
9965  -139.50339
9970  -138.41112
9975  -139.66747
9980  -140.15373
9985  -138.76701
9990  -139.41084
9995  -140.13203
10000  -139.00482
10005  -140.27567
10010  -157.11722
10015  -139.46011
10020  -139.02113
10025  -139.11784
10030  -139.25998
10035  -139.0389
10040  -138.53706
10045  -139.18541
10050  -139.86484
10055  -138.2732
10060  -149.56564
10065  -139.55856
10070  -141.57536
10075  -140.12161
10080  -138.77809
10085  -147.0267
10090  -173.76987
10095  -148.5928
10100  -138.83034
10105  -139.35004
10110  -138.74129
10115  -139.08487
10120  -139.57838
10125  -139.52744
10130  -140.03206
10135  -139.22684
10140  -147.6044
10145  -141.04617
10150  -140.41872
10155  -141.15114
10160  -141.23549
10165  -148.29349
10170  -164.87372
10175  -156.30923
10180  -147.79846
10185  -139.41692
10190  -138.81754
10195  -138.8741
10200  -138.95718
10205  -138.83583
10210  -138.43925
10215  -138.91432
10220  -139.5453
10225  -141.15044
10230  -139.83304
10235  -140.8323
10240  -140.72098
10245  -140.47893
10250  -141.38635
10255  -139.2991
10260  -166.03152
10265  -140.02592
10270  -138.21161
10275  -139.58682
10280  -138.42772
10285  -139.32701
10290  -139.63931
10295  -138.9774
10300  -138.74806
10305  -140.45029
10310  -139.69217
10315  -141.1893
10320  -139.60045
10325  -165.51846
10330  -157.57346
10335  -138.62642
10340  -138.63884
10345  -138.60156
10350  -138.21088
10355  -138.70854
10360  -138.41394
10365  -138.80869
10370  -139.77568
10375  -139.5378
10380  -139.6602
10385  -148.54506
10390  -139.82373
10395  -140.74625
10400  -139.91406
10405  -149.03275
10410  -174.09363
10415  -157.23892
10420  -148.22928
10425  -156.9233
10430  -139.13684
10435  -138.75826
10440  -139.70529
10445  -139.1423
10450  -140.03099
10455  -139.8959
10460  -138.62962
10465  -139.5895
10470  -141.54025
10475  -140.81837
10480  -139.79387
10485  -156.91154
10490  -156.01701
10495  -157.5218
10500  -140.64595
10505  -149.16032
10510  -138.05608
10515  -139.2861
10520  -138.67131
10525  -138.83553
10530  -139.69199
10535  -139.02068
10540  -140.52567
10545  -139.80598
10550  -148.841
10555  -141.14568
10560  -140.71326
10565  -149.45328
10570  -148.26181
10575  -156.05045
10580  -156.3134
10585  -147.09636
10590  -147.62674
10595  -139.14145
10600  -139.15134
10605  -140.28827
10610  -139.54872
10615  -139.76762
10620  -137.98776
10625  -138.75107
10630  -139.09312
10635  -141.36345
10640  -140.2502
10645  -156.87505
10650  -165.24136
10655  -157.6236
10660  -155.972
10665  -140.54778
10670  -139.8057
10675  -139.67235
10680  -138.75937
10685  -140.10452
10690  -139.10861
10695  -139.16714
10700  -139.69455
10705  -139.03677
10710  -139.74208
10715  -139.61903
10720  -141.45937
10725  -147.26566
10730  -139.8191
10735  -140.48105
10740  -158.40022
10745  -147.08061
10750  -156.03244
10755  -141.31508
10760  -139.30858
10765  -138.91838
10770  -140.02934
10775  -139.79878
10780  -139.1868
10785  -140.73613
10790  -138.88077
10795  -147.83862
10800  -138.79997
10805  -141.13083
10810  -148.72046
10815  -148.33385
10820  -147.85953
10825  -140.51846
10830  -156.0364
10835  -147.86688
10840  -139.58603
10845  -138.98488
10850  -139.62946
10855  -140.02425
10860  -138.73386
10865  -139.52982
10870  -138.60449
10875  -139.62611
10880  -149.34055
10885  -139.06815
10890  -147.47812
10895  -138.70538
10900  -148.27576
10905  -147.10834
10910  -148.6954
10915  -138.51675
10920  -148.30843
10925  -138.64021
10930  -139.70366
10935  -138.97195
10940  -140.74236
10945  -138.82185
10950  -139.13353
10955  -139.83957
10960  -140.18155
10965  -142.72798
10970  -149.5424
10975  -148.6529
10980  -138.48708
10985  -158.32077
10990  -140.20956
10995  -157.23685
11000  -147.8865
11005  -140.29129
11010  -139.46335
11015  -139.3361
11020  -138.47525
11025  -139.6801
11030  -139.19913
11035  -138.42276
11040  -139.46078
11045  -156.18265
11050  -157.21042
11055  -148.67014
11060  -164.89204
11065  -157.5963
11070  -157.15549
11075  -156.35962
11080  -140.47115
11085  -138.88943
11090  -138.69821
11095  -139.59253
11100  -138.62926
11105  -139.12733
11110  -138.92622
11115  -139.70438
11120  -139.38164
11125  -139.10443
11130  -141.3564
11135  -140.11021
11140  -140.1668
11145  -141.13715
11150  -139.60977
11155  -140.4796
11160  -141.49344
11165  -138.42714
11170  -139.12355
11175  -139.20547
11180  -139.37764
11185  -139.12085
11190  -139.09726
11195  -138.36215
11200  -139.32185
11205  -140.59904
11210  -140.68129
11215  -141.05345
11220  -139.74417
11225  -139.57329
11230  -139.27806
11235  -139.25699
11240  -140.12201
11245  -138.35602
11250  -139.00908
11255  -139.00569
11260  -139.08116
11265  -139.14194
11270  -139.19873
11275  -138.63777
11280  -139.27998
11285  -139.88864
11290  -140.259
11295  -140.31458
11300  -141.04678
11305  -139.52518
11310  -140.34612
11315  -139.75146
11320  -140.68483
11325  -156.62491
11330  -139.0444
11335  -139.56863
11340  -139.55466
11345  -138.14822
11350  -139.2756
11355  -138.81534
11360  -138.9421
11365  -139.04907
11370  -138.8869
11375  -140.63812
11380  -139.86084
11385  -141.67195
11390  -140.04874
11395  -140.0492
11400  -140.85713
11405  -149.07504
11410  -148.52745
11415  -138.96365
11420  -139.33446
11425  -137.7059
11430  -138.84683
11435  -139.36276
11440  -138.68582
11445  -137.8641
11450  -147.98727
11455  -139.225
11460  -140.65666
11465  -139.40646
11470  -141.61978
11475  -138.14609
11480  -141.26974
11485  -165.6824
11490  -157.60242
11495  -138.63632
11500  -138.48087
11505  -138.19003
11510  -139.32361
11515  -138.58136
11520  -139.28915
11525  -139.46931
11530  -139.076
11535  -140.08202
11540  -139.46765
11545  -140.64153
11550  -140.48799
11555  -138.93686
11560  -140.49966
11565  -156.09778
11570  -155.96371
11575  -139.95041
11580  -139.26035
11585  -138.87183
11590  -139.62196
11595  -138.9483
11600  -139.37943
11605  -138.957
11610  -139.62233
11615  -147.98877
11620  -140.75102
11625  -139.68596
11630  -141.5229
11635  -139.65573
11640  -139.39096
11645  -157.72414
11650  -157.27414
11655  -156.41911
11660  -138.96487
11665  -139.259
11670  -139.54573
11675  -139.02861
11680  -139.59248
11685  -138.3194
11690  -139.00697
11695  -138.54042
11700  -149.5509
11705  -141.1235
11710  -140.30487
11715  -139.6481
11720  -141.20035
11725  -166.75359
11730  -155.94527
11735  -147.49557
11740  -147.36874
11745  -139.43106
11750  -139.13846
11755  -139.5099
11760  -138.88278
11765  -139.06839
11770  -138.29033
11775  -138.90982
11780  -140.94682
11785  -140.53787
11790  -140.28496
11795  -140.10588
11800  -138.88559
11805  -139.02791
11810  -164.87143
11815  -139.02931
11820  -156.25522
11825  -139.00015
11830  -138.61142
11835  -139.04468
11840  -139.29031
11845  -139.33322
11850  -139.16057
11855  -138.79396
11860  -138.98874
11865  -140.70879
11870  -140.58902
11875  -139.88744
11880  -140.24283
11885  -149.44284
11890  -148.5836
11895  -150.7142
11900  -156.48741
11905  -139.29346
11910  -139.39001
11915  -138.93842
11920  -139.03145
11925  -140.12631
11930  -138.36206
11935  -140.40768
11940  -139.70279
11945  -141.0107
11950  -141.06131
11955  -139.0407
11960  -139.97841
11965  -151.31337
11970  -148.31628
11975  -147.17691
11980  -157.22403
11985  -139.90514
11990  -139.13205
11995  -139.50253
12000  -139.68289
12005  -138.99454
12010  -139.90079
12015  -138.5099
12020  -140.22084
12025  -139.7635
12030  -138.83275
12035  -140.1075
12040  -140.02432
12045  -165.86801
12050  -174.95645
12055  -156.47928
12060  -147.11443
12065  -165.3276
12070  -139.26628
12075  -139.41263
12080  -138.87158
12085  -138.81406
12090  -139.80917
12095  -139.77655
12100  -138.75992
12105  -139.67708
12110  -140.12323
12115  -141.92128
12120  -139.81535
12125  -165.59554
12130  -157.5498
12135  -157.09985
12140  -149.4775
12145  -148.77298
12150  -139.91245
12155  -138.88908
12160  -138.65935
12165  -139.09065
12170  -139.47307
12175  -140.55136
12180  -139.81961
12185  -138.47122
12190  -140.44832
12195  -139.04755
12200  -139.41159
12205  -149.5469
12210  -165.38052
12215  -156.01558
12220  -150.56516
12225  -157.50346
12230  -138.8138
12235  -138.38062
12240  -138.95602
12245  -139.9548
12250  -139.11353
12255  -138.76215
12260  -139.78014
12265  -139.46182
12270  -139.79306
12275  -140.45634
12280  -141.27592
12285  -165.50168
12290  -156.08768
12295  -148.30148
12300  -156.35237
12305  -155.9771
12310  -148.21979
12315  -138.46841
12320  -139.13072
12325  -138.77452
12330  -138.35579
12335  -138.737
12340  -139.85277
12345  -139.55247
12350  -139.9503
12355  -139.35608
12360  -140.7106
12365  -156.61078
12370  -150.6115
12375  -149.77808
12380  -149.50952
12385  -140.58029
12390  -139.34827
12395  -141.3728
12400  -138.64711
12405  -139.78987
12410  -140.2253
12415  -139.03711
12420  -139.22502
12425  -140.04951
12430  -139.66592
12435  -139.69614
12440  -139.7585
12445  -158.04189
12450  -149.42923
12455  -140.9856
12460  -156.41507
12465  -156.04802
12470  -174.83559
12475  -164.83052
12480  -138.80606
12485  -138.34293
12490  -140.11172
12495  -139.66139
12500  -139.7072
12505  -139.14462
12510  -140.4819
12515  -139.30457
12520  -140.64072
12525  -139.57484
12530  -139.31888
12535  -167.28035
12540  -156.07523
12545  -138.56514
12550  -156.44968
12555  -148.2692
12560  -139.46805
12565  -140.1542
12570  -139.5842
12575  -140.28793
12580  -139.66347
12585  -139.38681
12590  -139.775
12595  -138.96257
12600  -139.44217
12605  -147.4072
12610  -149.52081
12615  -166.03827
12620  -173.79288
12625  -148.61984
12630  -149.50725
12635  -139.0949
12640  -157.3613
12645  -138.199
12650  -137.93364
12655  -139.43091
12660  -139.80959
12665  -138.51167
12670  -138.48428
12675  -139.0223
12680  -139.61
12685  -157.11826
12690  -157.18033
12695  -138.18924
12700  -139.84776
12705  -155.99948
12710  -164.84648
12715  -173.72502
12720  -157.17232
12725  -139.1595
12730  -138.86153
12735  -138.73059
12740  -139.16165
12745  -139.15044
12750  -139.41348
12755  -139.25146
12760  -139.32454
12765  -141.23782
12770  -140.86987
12775  -140.60085
12780  -140.35349
12785  -140.31319
12790  -141.61664
12795  -139.31099
12800  -141.07108
12805  -148.76794
12810  -138.5218
12815  -139.19194
12820  -138.88045
12825  -138.73454
12830  -139.37886
12835  -138.17151
12840  -138.59749
12845  -140.51991
12850  -140.80374
12855  -140.14287
12860  -139.70776
12865  -140.8431
12870  -139.95103
12875  -141.36763
12880  -139.38618
12885  -146.92166
12890  -139.42293
12895  -138.5574
12900  -138.60703
12905  -139.56549
12910  -138.46727
12915  -138.85039
12920  -139.0809
12925  -138.87093
12930  -148.95529
12935  -139.96153
12940  -141.62137
12945  -139.87088
12950  -139.53947
12955  -139.55685
12960  -139.93852
12965  -141.27191
12970  -140.23357
12975  -139.1564
12980  -138.99521
12985  -139.65396
12990  -138.54112
12995  -138.94673
13000  -137.90753
13005  -139.2091
13010  -139.8849
13015  -139.18198
13020  -140.54865
13025  -140.07161
13030  -138.90276
13035  -140.74759
13040  -139.97772
13045  -157.35263
13050  -147.34117
13055  -138.89249
13060  -138.96541
13065  -138.86685
13070  -139.04622
13075  -139.06837
13080  -139.06882
13085  -139.17368
13090  -139.09047
13095  -140.56558
13100  -140.38051
13105  -140.45218
13110  -142.27779
13115  -140.40707
13120  -141.10217
13125  -139.40884
13130  -149.49185
13135  -138.38548
13140  -139.5021
13145  -139.05365
13150  -138.53242
13155  -139.06282
13160  -139.33488
13165  -139.30917
13170  -139.67206
13175  -140.79057
13180  -139.56557
13185  -139.98734
13190  -140.28378
13195  -140.20108
13200  -139.4214
13205  -148.36778
13210  -158.28731
13215  -147.55717
13220  -138.6571
13225  -138.83235
13230  -139.51399
13235  -139.17154
13240  -139.04167
13245  -139.13718
13250  -139.6752
13255  -148.4192
13260  -138.63118
13265  -140.67493
13270  -140.00583
13275  -140.59488
13280  -140.37793
13285  -140.72014
13290  -147.09343
13295  -164.85419
13300  -139.05904
13305  -139.27403
13310  -139.10484
13315  -138.52225
13320  -137.68057
13325  -139.2612
13330  -139.13132
13335  -139.3426
13340  -140.03188
13345  -141.44714
13350  -140.30441
13355  -139.59578
13360  -140.39604
13365  -147.99931
13370  -157.20206
13375  -150.63522
13380  -139.28049
13385  -139.12546
13390  -139.1902
13395  -139.15288
13400  -138.47752
13405  -139.71829
13410  -139.62706
13415  -138.7067
13420  -139.7804
13425  -139.61685
13430  -139.17155
13435  -139.86528
13440  -140.37898
13445  -140.33272
13450  -156.84238
13455  -149.54587
13460  -147.4162
13465  -138.91386
13470  -138.75165
13475  -138.64087
13480  -138.77667
13485  -137.84563
13490  -140.31125
13495  -140.12692
13500  -139.21207
13505  -139.87646
13510  -138.93631
13515  -141.29303
13520  -139.89954
13525  -148.40715
13530  -157.1585
13535  -140.95305
13540  -147.04648
13545  -139.52548
13550  -139.15114
13555  -139.09369
13560  -139.35837
13565  -139.12279
13570  -138.36316
13575  -139.63852
13580  -138.85876
13585  -140.65756
13590  -141.21347
13595  -142.11179
13600  -141.17386
13605  -166.2095
13610  -148.22493
13615  -148.28738
13620  -165.36191
13625  -149.08273
13630  -139.29057
13635  -139.03801
13640  -139.61165
13645  -139.39085
13650  -138.92169
13655  -138.89697
13660  -140.0474
13665  -148.67221
13670  -140.99066
13675  -138.73831
13680  -140.28609
13685  -147.18152
13690  -149.10347
13695  -149.13791
13700  -139.05746
13705  -147.51883
13710  -139.0158
13715  -138.79771
13720  -139.11467
13725  -139.43257
13730  -139.71416
13735  -139.46889
13740  -138.7238
13745  -139.08742
13750  -139.75131
13755  -140.32007
13760  -140.3129
13765  -149.5653
13770  -158.2596
13775  -156.38675
13780  -173.76236
13785  -147.5051
13790  -139.36853
13795  -138.20747
13800  -139.2597
13805  -139.04755
13810  -139.30762
13815  -138.3512
13820  -138.57385
13825  -138.85399
13830  -147.50177
13835  -139.44101
13840  -141.38297
13845  -148.45581
13850  -147.1367
13855  -147.56325
13860  -158.74942
13865  -139.46944
13870  -148.04175
13875  -138.1628
13880  -139.23744
13885  -139.39267
13890  -139.20047
13895  -138.43794
13900  -139.65445
13905  -139.95311
13910  -147.99039
13915  -139.83395
13920  -140.04666
13925  -149.3942
13930  -156.77158
13935  -140.92853
13940  -173.78506
13945  -148.72357
13950  -149.51094
13955  -138.33664
13960  -138.335
13965  -139.41434
13970  -140.84743
13975  -139.5844
13980  -139.25894
13985  -139.93512
13990  -138.96472
13995  -148.7031
14000  -140.06448
14005  -147.34473
14010  -158.37492
14015  -166.03726
14020  -147.59868
14025  -141.75491
14030  -140.61032
14035  -141.032
14040  -138.98856
14045  -139.37006
14050  -139.10547
14055  -138.35739
14060  -139.57793
14065  -138.73087
14070  -139.03958
14075  -138.93338
14080  -141.2493
14085  -138.92783
14090  -166.00447
14095  -156.39722
14100  -147.52876
14105  -165.2612
14110  -147.16708
14115  -148.79639
14120  -138.91275
14125  -138.95662
14130  -140.25458
14135  -140.00876
14140  -139.71204
14145  -138.96812
14150  -139.07034
14155  -139.00601
14160  -149.18929
14165  -147.92078
14170  -148.25891
14175  -148.00693
14180  -141.00923
14185  -147.54846
14190  -164.85233
14195  -150.55386
14200  -138.6356
14205  -139.0059
14210  -139.5009
14215  -139.75613
14220  -138.7513
14225  -139.55074
14230  -140.23926
14235  -139.77856
14240  -138.82886
14245  -156.78952
14250  -139.786
14255  -157.2381
14260  -156.38228
14265  -166.096
14270  -149.47224
14275  -139.76869
14280  -157.25592
14285  -139.61919
14290  -139.42923
14295  -140.23264
14300  -140.80742
14305  -139.77954
14310  -139.95583
14315  -139.72514
14320  -139.66678
14325  -156.03812
14330  -167.18015
14335  -155.97908
14340  -148.70793
14345  -149.7837
14350  -148.60188
14355  -139.36572
14360  -164.94293
14365  -138.88364
14370  -138.70773
14375  -139.08873
14380  -139.17142
14385  -138.89818
14390  -138.74908
14395  -139.04063
14400  -139.73009
14405  -139.54875
14410  -139.87187
14415  -139.27013
14420  -140.57288
14425  -139.88614
14430  -139.52817
14435  -139.78673
14440  -140.72183
14445  -139.8447
14450  -139.7996
14455  -138.98256
14460  -139.09833
14465  -138.63806
14470  -139.01102
14475  -137.92085
14480  -138.648
14485  -147.43323
14490  -139.55984
14495  -139.62411
14500  -140.51277
14505  -139.67131
14510  -139.75644
14515  -139.3145
14520  -140.82857
14525  -148.28036
14530  -138.384
14535  -138.8652
14540  -139.40224
14545  -139.1661
14550  -138.94888
14555  -139.02182
14560  -139.07478
14565  -139.78653
14570  -139.55113
14575  -140.6447
14580  -141.08284
14585  -139.8264
14590  -138.77803
14595  -140.76883
14600  -139.91925
14605  -155.83661
14610  -139.00455
14615  -139.26057
14620  -139.09148
14625  -139.0741
14630  -139.40825
14635  -139.41582
14640  -138.68198
14645  -139.57185
14650  -147.151
14655  -139.18625
14660  -140.746
14665  -139.77104
14670  -141.12247
14675  -141.2218
14680  -140.75351
14685  -157.90523
14690  -148.36246
14695  -138.90752
14700  -139.236
14705  -138.30388
14710  -138.80052
14715  -138.9234
14720  -139.00589
14725  -139.9567
14730  -139.90707
14735  -141.22632
14740  -139.93558
14745  -139.7264
14750  -139.93973
14755  -140.70699
14760  -140.37802
14765  -148.12119
14770  -164.89677
14775  -139.62244
14780  -139.28618
14785  -138.78967
14790  -138.6038
14795  -138.75778
14800  -138.9699
14805  -139.13745
14810  -140.03511
14815  -148.79413
14820  -140.86417
14825  -139.85397
14830  -138.99231
14835  -140.50851
14840  -140.2881
14845  -157.25867
14850  -147.97559
14855  -149.14845
14860  -139.08328
14865  -139.45166
14870  -139.4469
14875  -139.1673
14880  -139.46275
14885  -139.34009
14890  -139.68535
14895  -148.30977
14900  -139.99887
14905  -140.56818
14910  -141.00998
14915  -140.29652
14920  -140.77971
14925  -166.78165
14930  -139.80725
14935  -157.56844
14940  -139.32115
14945  -139.10912
14950  -138.86339
14955  -138.74927
14960  -138.92323
14965  -138.99547
14970  -138.87749
14975  -138.9922
14980  -140.41658
14985  -139.7648
14990  -139.29218
14995  -139.53987
15000  -139.5392
15005  -151.23735
15010  -148.16013
15015  -149.48972
15020  -139.4302
15025  -138.8052
15030  -138.77914
15035  -139.11267
15040  -138.19896
15045  -139.45308
15050  -139.82932
15055  -139.90181
15060  -140.6822
15065  -140.73198
15070  -140.46509
15075  -140.38168
15080  -141.50143
15085  -140.68864
15090  -138.25443
15095  -147.11127
15100  -140.46721
15105  -139.00424
15110  -138.66406
15115  -138.8195
15120  -138.594
15125  -139.08296
15130  -139.92203
15135  -139.7661
15140  -139.67503
15145  -139.36554
15150  -139.52356
15155  -139.5658
15160  -140.5275
15165  -148.94125
15170  -156.42488
15175  -147.083
15180  -156.29128
15185  -139.70212
15190  -138.99844
15195  -138.27026
15200  -139.16214
15205  -139.34099
15210  -139.58871
15215  -139.18916
15220  -139.44678
15225  -138.3729
15230  -141.1658
15235  -141.09612
15240  -141.86702
15245  -140.38705
15250  -140.61621
15255  -138.97902
15260  -147.41815
15265  -147.14908
15270  -138.56155
15275  -139.07596
15280  -139.45901
15285  -138.67361
15290  -140.65459
15295  -139.7842
15300  -138.34477
15305  -139.92307
15310  -139.54892
15315  -139.37894
15320  -140.50932
15325  -139.67758
15330  -155.98631
15335  -148.23892
15340  -139.69856
15345  -156.65396
15350  -139.25833
15355  -138.93611
15360  -139.17252
15365  -139.69728
15370  -138.48691
15375  -140.04001
15380  -139.97847
15385  -139.30365
15390  -149.16379
15395  -140.30843
15400  -139.37263
15405  -139.36386
15410  -155.92949
15415  -165.23013
15420  -157.58116
15425  -157.61081
15430  -138.83624
15435  -139.67488
15440  -138.26576
15445  -139.52661
15450  -138.93759
15455  -139.67361
15460  -138.085
15465  -140.0217
15470  -148.67294
15475  -140.16919
15480  -138.24329
15485  -156.6095
15490  -139.05428
15495  -147.14563
15500  -149.07047
15505  -167.24698
15510  -140.78142
15515  -138.66132
15520  -138.99426
15525  -139.16853
15530  -139.36821
15535  -139.6174
15540  -139.4694
15545  -139.75485
15550  -138.97
15555  -140.4449
15560  -139.26212
15565  -138.82744
15570  -148.20787
15575  -148.33206
15580  -139.66399
15585  -166.04178
15590  -156.41422
15595  -138.77042
15600  -139.58063
15605  -138.89122
15610  -138.98598
15615  -139.4824
15620  -138.81575
15625  -140.26144
15630  -138.85637
15635  -140.16568
15640  -140.63586
15645  -158.06656
15650  -156.4827
15655  -159.48294
15660  -139.89078
15665  -140.71729
15670  -140.50742
15675  -156.64207
15680  -139.36455
15685  -139.83856
15690  -139.3464
15695  -139.13628
15700  -138.8965
15705  -139.66841
15710  -139.93376
15715  -138.98227
15720  -139.27194
15725  -157.85764
15730  -156.77739
15735  -147.54512
15740  -148.73022
15745  -174.97594
15750  -164.93037
15755  -164.8363
15760  -138.75377
15765  -139.75249
15770  -140.02411
15775  -139.3674
15780  -139.63086
15785  -138.8155
15790  -138.50256
15795  -139.04642
15800  -149.82559
15805  -149.00996
15810  -149.45816
15815  -155.99821
15820  -157.11018
15825  -138.68912
15830  -156.40051
15835  -164.90277
15840  -140.51749
15845  -138.72714
15850  -138.87605
15855  -140.0478
15860  -140.08264
15865  -139.41891
15870  -139.64159
15875  -139.27017
15880  -140.91354
15885  -156.50421
15890  -157.09628
15895  -157.18912
15900  -147.55232
15905  -147.44016
15910  -166.14075
15915  -138.63358
15920  -140.88547
15925  -139.19243
15930  -139.00412
15935  -139.25925
15940  -139.37442
15945  -139.01123
15950  -138.93335
15955  -139.0853
15960  -148.60043
15965  -156.72226
15970  -155.96997
15975  -156.0256
15980  -140.93605
15985  -166.00204
15990  -141.00528
15995  -164.90234
16000  -164.89153
16005  -139.934
16010  -139.04243
16015  -139.48672
16020  -139.37766
16025  -138.75137
16030  -139.13065
16035  -138.23737
16040  -139.5916
16045  -140.71976
16050  -138.5467
16055  -139.91997
16060  -140.61215
16065  -139.93845
16070  -141.13162
16075  -140.05952
16080  -139.3133
16085  -140.59904
16090  -138.71231
16095  -139.29146
16100  -139.09216
16105  -139.07437
16110  -139.42282
16115  -139.2187
16120  -139.53043