_Episode  _MeanReward
5  -128.0792
10  -125.36006
15  -131.78365
20  -133.46303
25  -134.65817
30  -129.32883
35  -132.74934
40  -117.81789
45  -127.71354
50  -123.529625
55  -126.33279
60  -133.74281
65  -128.78958
70  -152.85933
75  -130.01643
80  -160.71103
85  -140.18123
90  -160.1246
95  -159.92172
100  -179.45111
105  -143.67253
110  -151.99442
115  -152.34259
120  -143.10493
125  -157.03175
130  -148.20279
135  -153.02837
140  -164.96805
145  -184.33788
150  -176.1448
155  -181.16464
160  -225.72314
165  -184.2368
170  -196.82741
175  -197.41321
180  -218.11914
185  -206.7712
190  -213.5813
195  -199.43146
200  -218.02905
205  -220.04912
210  -218.29443
215  -219.6366
220  -210.83452
225  -176.36809
230  -183.45259
235  -241.23149
240  -232.66495
245  -244.93091
250  -233.22702
255  -213.64835
260  -203.68683
265  -217.43367
270  -204.3328
275  -233.30698
280  -253.51147
285  -219.63928
290  -225.9982
295  -188.16675
300  -167.83928
305  -168.99733
310  -169.10854
315  -167.144
320  -187.50058
325  -159.0149
330  -161.75381
335  -163.38268
340  -161.53984
345  -157.41385
350  -155.29112
355  -152.89876
360  -153.59921
365  -153.02866
370  -147.59341
375  -147.43228
380  -142.9946
385  -144.19856
390  -135.1562
395  -140.50354
400  -145.23848
405  -146.8879
410  -144.02592
415  -141.58994
420  -137.69063
425  -141.2423
430  -141.47476
435  -140.31258
440  -141.46416
445  -142.49484
450  -138.57777
455  -136.09393
460  -135.02026
465  -134.56122
470  -134.70132
475  -135.94444
480  -136.59773
485  -137.08594
490  -136.54317
495  -131.88525
500  -131.64835
505  -130.5087
510  -128.47023
515  -130.72668
520  -132.6342
525  -129.54727
530  -131.13528
535  -125.27771
540  -128.4501
545  -134.58163
550  -128.5657
555  -128.51498
560  -126.02081
565  -122.55666
570  -129.06587
575  -128.72969
580  -127.448074
585  -126.64148
590  -127.75708
595  -128.1683
600  -125.35752
605  -127.40489
610  -123.03523
615  -123.052574
620  -123.29317
625  -118.96724
630  -117.909775
635  -106.83427
640  -100.9827
645  -102.975586
650  -97.77832
655  -91.08863
660  -91.54558
665  -83.861755
670  -91.714584
675  -76.93099
680  -61.04934
685  -77.45079
690  -72.04291
695  -74.81021
700  -83.50092
705  -58.454674
710  -51.385498
715  -65.26515
720  -51.93113
725  -56.56493
730  -42.4428
735  -31.111704
740  -33.575058
745  -34.101234
750  -36.14801
755  -38.137215
760  -35.20993
765  -33.91445
770  -19.504208
775  -18.087036
780  -29.854206
785  -16.51079
790  -33.124744
795  -18.687231
800  -12.841083
805  -20.162882
810  -13.933046
815  -20.351603
820  -21.922428
825  -15.404109
830  -17.64661
835  -17.735226
840  -11.178061
845  -8.613878
850  -18.186611
855  -21.610954
860  -12.69692
865  -11.775342
870  -18.690218
875  -13.249321
880  -8.906282
885  -7.1284857
890  -4.7167997
895  -9.036795
900  -4.2475486
905  -4.799915
910  -10.434881
915  -6.016254
920  -11.153406
925  -5.700962
930  -3.803709
935  -3.6737266
940  -12.01533
945  -14.016223
950  -30.489777
955  -25.162176
960  -31.749935
965  -8.356201
970  -5.137346
975  -3.811315
980  -2.1272616
985  2.9539642
990  -2.3803768
995  1.0341156
1000  -5.553515
1005  1.0585558
1010  -5.5089335
1015  -10.690659
1020  -4.031461
1025  -1.128949
1030  2.7996504
1035  -0.0838841
1040  -0.5815708
1045  4.023948
1050  -0.24297018
1055  -1.0772829
1060  4.909196
1065  5.813948
1070  2.4128475
1075  -0.12599249
1080  2.5958397
1085  -0.87134475
1090  5.9589953
1095  -3.1880271
1100  7.2414155
1105  8.775627
1110  7.0048766
1115  8.03138
1120  5.6805315
1125  7.1007667
1130  10.451174
1135  6.5592318
1140  10.25547
1145  11.892881
1150  8.891014
1155  6.8789773
1160  12.094281
1165  13.351987
1170  12.417077
1175  12.866796
1180  15.886215
1185  15.441416
1190  15.836865
1195  7.639615
1200  18.519901
1205  19.390076
1210  7.1084657
1215  16.15126
1220  19.413422
1225  14.641417
1230  19.45038
1235  17.959316
1240  21.587772
1245  19.610401
1250  22.611029
1255  22.325817
1260  26.894505
1265  21.56631
1270  18.86601
1275  26.536585
1280  24.016209
1285  -2.542874
1290  26.593567
1295  0.015231323
1300  23.233212
1305  16.53381
1310  17.776146
1315  18.065653
1320  18.4631
1325  25.533396
1330  28.96597
1335  25.155783
1340  20.198534
1345  23.957706
1350  26.18775
1355  25.316689
1360  29.169794
1365  31.541279
1370  24.521296
1375  26.384308
1380  31.708313
1385  24.751644
1390  32.447983
1395  34.20696
1400  36.221523
1405  37.90258
1410  37.64483
1415  33.274147
1420  33.096966
1425  24.554039
1430  35.288612
1435  31.957508
1440  35.34889
1445  44.51577
1450  45.057537
1455  40.01118
1460  45.714092
1465  40.240974
1470  46.641884
1475  40.035778
1480  49.46056
1485  47.58097
1490  35.69171
1495  50.220276
1500  50.301453
1505  45.383568
1510  17.799213
1515  45.656822
1520  43.059162
1525  49.031776
1530  50.711243
1535  46.583702
1540  44.542294
1545  46.843937
1550  60.23228
1555  47.28908
1560  43.927425
1565  52.314262
1570  52.16338
1575  50.809097
1580  51.67115
1585  57.381744
1590  54.49452
1595  42.29498
1600  52.777245
1605  53.966602
1610  47.658104
1615  51.595604
1620  48.81101
1625  57.578754
1630  52.642365
1635  54.950665
1640  54.63319
1645  58.143555
1650  48.482227
1655  62.725708
1660  53.230732
1665  57.9232
1670  46.81276
1675  57.877968
1680  57.31319
1685  55.82829
1690  29.13471
1695  49.564163
1700  48.38951
1705  52.4627
1710  46.73736
1715  64.219894
1720  31.49436
1725  52.84618
1730  59.282574
1735  50.494766
1740  16.61101
1745  57.118176
1750  54.896156
1755  42.899563
1760  55.889793
1765  49.01947
1770  61.51653
1775  60.371216
1780  60.3856
1785  61.398834
1790  50.047752
1795  61.505302
1800  62.710278
1805  58.42286
1810  54.934143
1815  62.93988
1820  55.261787
1825  63.52355
1830  60.815285
1835  59.8963
1840  55.136303
1845  56.19508
1850  62.640892
1855  66.22269
1860  69.078514
1865  64.12216
1870  61.768852
1875  61.86187
1880  61.7203
1885  66.16647
1890  55.534527
1895  54.862354
1900  67.00639
1905  45.356926
1910  60.368214
1915  62.490395
1920  64.64125
1925  63.646393
1930  69.42397
1935  61.90281
1940  59.32898
1945  58.91565
1950  57.514088
1955  69.52633
1960  64.00481
1965  63.67171
1970  64.553665
1975  67.828
1980  65.10105
1985  70.70667
1990  71.27381
1995  58.658356
2000  69.42459
2005  66.1614
2010  71.536125
2015  68.43016
2020  70.76222
2025  73.359055
2030  56.541943
2035  67.730064
2040  70.014725
2045  71.47594
2050  69.52914
2055  63.25888
2060  63.154488
2065  72.44566
2070  65.39119
2075  71.75714
2080  69.10703
2085  66.38568
2090  70.21673
2095  67.233376
2100  70.53966
2105  72.84573
2110  73.110756
2115  70.14143
2120  67.2495
2125  64.91624
2130  67.22881
2135  79.7153
2140  71.14664
2145  72.03774
2150  66.70903
2155  71.42367
2160  74.24495
2165  69.7391
2170  73.32314
2175  71.83242
2180  82.76722
2185  81.88853
2190  78.93185
2195  83.882164
2200  71.09679
2205  82.9467
2210  80.75588
2215  78.50714
2220  79.815
2225  79.84337
2230  84.42961
2235  84.45947
2240  81.400856
2245  77.327484
2250  75.68376
2255  85.0099
2260  81.58214
2265  78.76056
2270  84.027664
2275  90.44075
2280  89.99925
2285  79.27016
2290  86.10641
2295  91.36705
2300  92.29222
2305  91.17226
2310  92.34393
2315  86.27198
2320  96.81854
2325  88.31898
2330  73.81215
2335  54.929882
2340  102.9056
2345  85.823135
2350  47.69353
2355  90.18943
2360  95.702415
2365  89.74935
2370  96.537285
2375  95.71723
2380  92.9308
2385  99.25952
2390  100.99388
2395  96.906784
2400  88.82035
2405  94.27276
2410  62.431824
2415  49.111614
2420  93.22092
2425  90.525826
2430  95.82007
2435  54.51991
2440  94.35664
2445  93.00087
2450  97.83587
2455  96.93858
2460  99.74526
2465  94.19562
2470  95.104004
2475  100.75839
2480  96.4563
2485  57.27218
2490  91.14591
2495  103.86568
2500  92.95067
2505  96.1307
2510  97.79866
2515  99.26019
2520  105.817894
2525  101.03355
2530  100.97733
2535  107.00236
2540  105.54087
2545  106.61202
2550  99.28526
2555  101.0998
2560  102.342766
2565  98.92745
2570  100.83183
2575  104.18453
2580  98.145905
2585  108.548294
2590  105.06175
2595  105.82027
2600  108.66078
2605  104.203186
2610  74.90692
2615  106.78772
2620  106.85891
2625  109.45831
2630  72.745964
2635  101.228165
2640  102.35227
2645  98.01736
2650  106.76597
2655  70.447495
2660  97.212585
2665  33.77489
2670  59.98131
2675  84.638016
2680  106.096436
2685  108.761154
2690  113.90837
2695  108.9921
2700  102.45451
2705  93.49016
2710  104.64858
2715  72.9431
2720  94.32854
2725  80.65825
2730  108.45963
2735  110.01886
2740  58.28399
2745  106.15686
2750  68.636665
2755  103.807655
2760  109.37102
2765  106.2856
2770  108.12181
2775  49.187996
2780  108.83004
2785  71.82332
2790  99.758064
2795  105.02045
2800  58.256065
2805  75.15253
2810  99.04508
2815  102.57912
2820  109.37154
2825  89.01822
2830  67.38429
2835  104.83917
2840  104.11446
2845  102.04945
2850  106.91209
2855  108.71236
2860  91.52057
2865  108.522606
2870  109.78396
2875  105.23253
2880  100.56395
2885  111.06693
2890  110.954994
2895  101.74153
2900  104.74143
2905  82.382935
2910  110.76924
2915  87.90808
2920  110.68693
2925  111.653915
2930  43.965416
2935  94.72157
2940  100.85976
2945  109.05919
2950  57.417274
2955  105.52732
2960  100.60387
2965  100.27844
2970  98.00976
2975  107.54329
2980  99.88773
2985  94.60194
2990  105.70956
2995  107.462845
3000  106.40446
3005  67.93483
3010  110.54519
3015  103.37673
3020  106.77676
3025  108.194046
3030  111.110985
3035  88.10985
3040  90.82068
3045  99.462326
3050  107.96149
3055  90.870766
3060  81.91125
3065  96.95186
3070  113.179405
3075  91.83561
3080  105.13074
3085  112.50517
3090  111.16262
3095  109.889404
3100  107.175514
3105  82.6053
3110  110.72231
3115  113.05619
3120  107.78908
3125  110.93425
3130  116.960976
3135  111.63462
3140  117.6797
3145  116.59099
3150  116.106606
3155  61.979004
3160  110.73916
3165  76.47512
3170  102.9741
3175  109.220665
3180  111.20669
3185  105.26837
3190  106.15627
3195  106.117676
3200  107.18738
3205  101.71522
3210  75.19005
3215  108.02968
3220  47.92679
3225  80.75092
3230  102.68278
3235  113.31533
3240  51.144066
3245  -32.230247
3250  -28.366705
3255  -36.619423
3260  64.28457
3265  54.735405
3270  91.77273
3275  -38.762817
3280  7.4272127
3285  93.46395
3290  105.64465
3295  57.95453
3300  105.47732
3305  106.40639
3310  110.31089
3315  55.512806
3320  112.96205
3325  107.254616
3330  103.15788
3335  109.17871
3340  112.77559
3345  69.65144
3350  109.431496
3355  107.8337
3360  93.12746
3365  108.831604
3370  109.12211
3375  61.94328
3380  102.581825
3385  65.28782
3390  111.661095
3395  67.61897
3400  60.29115
3405  103.44002
3410  104.888405
3415  113.37549
3420  109.34707
3425  107.956505
3430  66.873
3435  109.100815
3440  63.768055
3445  109.05099
3450  105.190674
3455  109.92613
3460  110.76388
3465  70.04182
3470  112.026405
3475  114.801285
3480  108.140076
3485  109.2699
3490  112.88965
3495  102.989174
3500  88.15067
3505  114.48655
3510  114.856445
3515  55.611988
3520  59.908897
3525  99.79129
3530  67.00974
3535  115.36572
3540  123.93003
3545  26.874918
3550  59.590668
3555  68.20964
3560  64.51727
3565  48.751785
3570  80.561386
3575  107.87732
3580  84.52901
3585  116.45386
3590  83.412254
3595  119.94794
3600  110.749435
3605  104.07088
3610  110.469864
3615  105.37341
3620  110.27708
3625  116.05631
3630  67.85811
3635  109.294876
3640  110.61455
3645  110.91013
3650  119.06637
3655  121.335434
3660  88.180336
3665  118.70207
3670  122.940636
3675  113.551346
3680  20.700838
3685  102.16162
3690  112.97726
3695  110.94777
3700  9.8888445
3705  111.54944
3710  67.63401
3715  64.60602
3720  117.78971
3725  71.02507
3730  115.230896
3735  115.12264
3740  114.23051
3745  120.112816
3750  121.111244
3755  117.15078
3760  62.00991
3765  112.09938
3770  120.16632
3775  107.778244
3780  23.102417
3785  62.31428
3790  70.18254
3795  120.94696
3800  100.77107
3805  75.47534
3810  88.577774
3815  67.199905
3820  -30.64835
3825  122.17583
3830  84.87161
3835  120.52956
3840  70.008194
3845  127.205
3850  66.51634
3855  26.284435
3860  99.82988
3865  122.2536
3870  107.40718
3875  118.09947
3880  119.398254
3885  12.972842
3890  62.18634
3895  66.64319
3900  117.10173
3905  50.053764
3910  115.020004
3915  105.65737
3920  108.0052
3925  120.535446
3930  125.47837
3935  113.67403
3940  72.111305
3945  -36.101707
3950  122.59773
3955  110.37886
3960  116.96559
3965  20.233719
3970  10.203985
3975  48.88689
3980  -33.858223
3985  -129.9488
3990  20.683395
3995  -38.91848
4000  8.686281
4005  7.816072
4010  -33.024734
4015  -84.9788
4020  -38.95185
4025  -48.784275
4030  -30.521893
4035  65.91298
4040  45.271255
4045  30.198603
4050  118.985855
4055  108.32644
4060  123.95266
4065  -39.38027
4070  116.33606
4075  110.96661
4080  111.686356
4085  118.639725
4090  115.346436
4095  114.255394
4100  106.783104
4105  117.782104
4110  113.846756
4115  79.23615
4120  105.19539
4125  79.67958
4130  111.95979
4135  117.608475
4140  118.47733
4145  112.899
4150  121.999146
4155  62.58132
4160  122.964096
4165  121.32495
4170  122.25016
4175  122.24922
4180  123.31288
4185  128.73483
4190  70.2281
4195  89.3911
4200  75.24164
4205  114.55199
4210  61.39457
4215  128.673
4220  68.54938
4225  123.181114
4230  75.63155
4235  72.82762
4240  123.857506
4245  57.766518
4250  65.32274
4255  122.255455
4260  123.49596
4265  115.78573
4270  132.18668
4275  129.3592
4280  119.75657
4285  129.18521
4290  134.60442
4295  116.97847
4300  115.20137
4305  128.85162
4310  127.281906
4315  121.29378
4320  129.40701
4325  136.72508
4330  129.10246
4335  82.38947
4340  134.0621
4345  127.83711
4350  125.61206
4355  98.489624
4360  134.3555
4365  120.83506
4370  130.46349
4375  67.72798
4380  63.056786
4385  123.29956
4390  130.76025
4395  39.542236
4400  118.78401
4405  121.802
4410  136.90408
4415  132.40024
4420  89.124695
4425  131.7839
4430  109.97618
4435  141.76157
4440  133.76701
4445  112.629196
4450  74.807205
4455  37.53703
4460  133.43834
4465  30.676586
4470  132.01376
4475  119.766014
4480  104.032394
4485  41.90281
4490  38.756775
4495  93.94886
4500  145.1213
4505  102.325386
4510  117.85276
4515  62.044292
4520  9.280455
4525  110.84558
4530  123.95503
4535  44.88284
4540  103.31122
4545  128.49733
4550  138.06255
4555  114.20947
4560  143.038
4565  140.95798
4570  144.2012
4575  92.26492
4580  137.9606
4585  139.19453
4590  142.631
4595  110.07936
4600  143.4137
4605  123.965416
4610  140.84143
4615  133.58086
4620  98.688
4625  133.23886
4630  67.46958
4635  149.02657
4640  136.94748
4645  101.10204
4650  138.14598
4655  76.83409
4660  145.25969
4665  94.58541
4670  143.03142
4675  147.62573
4680  118.44951
4685  134.70721
4690  139.66904
4695  91.22795
4700  130.04713
4705  116.044556
4710  138.22324
4715  138.74525
4720  90.75429
4725  105.08247
4730  139.34645
4735  133.98917
4740  133.71384
4745  93.31828
4750  137.91795
4755  140.33017
4760  133.40964
4765  107.27327
4770  139.10289
4775  133.99446
4780  149.93825
4785  137.50002
4790  137.6112
4795  98.827995
4800  140.95349
4805  93.007416
4810  147.62209
4815  146.57419
4820  104.55796
4825  94.27401
4830  148.07253
4835  141.42427
4840  114.77197
4845  107.493225
4850  138.01982
4855  142.99069
4860  115.03931
4865  134.69084
4870  106.199646
4875  143.39618
4880  105.823975
4885  135.24234
4890  126.83513
4895  135.3766
4900  135.94125
4905  137.64725
4910  144.68347
4915  94.6646
4920  128.02841
4925  104.4672
4930  93.522545
4935  139.00227
4940  136.2536
4945  142.74258
4950  132.29105
4955  131.38383
4960  138.19128
4965  136.29065
4970  127.39583
4975  143.37082
4980  145.20456
4985  138.44583
4990  83.342026
4995  106.367355
5000  117.94865
5005  135.53685
5010  133.4074
5015  121.70531
5020  137.07007
5025  145.15866
5030  104.9211
5035  103.01703
5040  98.80067
5045  107.25974
5050  144.38419
5055  146.42476
5060  109.76485
5065  129.93903
5070  124.39121
5075  111.63843
5080  119.854614
5085  137.25093
5090  83.3502
5095  149.01704
5100  147.88144
5105  113.944214
5110  76.03476
5115  100.99467
5120  103.48503
5125  148.91432
5130  147.10863
5135  152.49638
5140  118.0214
5145  110.67538
5150  94.184715
5155  91.67748
5160  107.6277
5165  134.50868
5170  105.16024
5175  132.80852
5180  158.18666
5185  112.427414
5190  150.51265
5195  154.38574
5200  74.88796
5205  156.03941
5210  142.91484
5215  -11.298302
5220  107.28267
5225  23.893993
5230  104.93208
5235  45.549076
5240  38.762016
5245  86.22295
5250  162.15866
5255  71.08107
5260  38.449623
5265  94.03467
5270  101.959595
5275  154.8998
5280  139.95343
5285  95.50059
5290  141.13664
5295  152.51996
5300  135.12631
5305  129.09862
5310  119.70647
5315  110.54079
5320  72.53715
5325  112.31807
5330  142.50168
5335  110.85421
5340  108.38188
5345  153.33183
5350  137.878
5355  112.26013
5360  146.90244
5365  104.80436
5370  158.98027
5375  101.20225
5380  150.79793
5385  150.607
5390  125.07799
5395  96.82146
5400  94.25747
5405  99.54441
5410  147.4363
5415  74.28824
5420  98.89824
5425  154.8588
5430  34.442684
5435  140.9135
5440  141.37427
5445  100.084
5450  93.99428
5455  90.72836
5460  138.16266
5465  134.1812
5470  151.03275
5475  139.10832
5480  103.93385
5485  134.6832
5490  123.5605
5495  133.64906
5500  145.42795
5505  140.87546
5510  122.85112
5515  115.34043
5520  146.86093
5525  141.04636
5530  76.61037
5535  147.22778
5540  145.9451
5545  144.80493
5550  51.890617
5555  143.53323
5560  146.7094
5565  133.58502
5570  105.79124
5575  58.00531
5580  75.40572
5585  156.44945
5590  127.02683
5595  101.777405
5600  149.56892
5605  145.52638
5610  150.04927
5615  151.01172
5620  120.609726
5625  107.9822
5630  130.84793
5635  152.78922
5640  149.91089
5645  155.5892
5650  154.42648
5655  166.3389
5660  116.33766
5665  82.20741
5670  152.64948
5675  101.89433
5680  149.88097
5685  153.90347
5690  159.58243
5695  155.75089
5700  108.29022
5705  159.98154
5710  135.00911
5715  107.82593
5720  151.96974
5725  135.87407
5730  140.51988
5735  100.35069
5740  155.5977
5745  146.98788
5750  36.073265
5755  156.3299
5760  122.03123
5765  121.69035
5770  157.95218
5775  147.85672
5780  155.88638
5785  157.9458
5790  164.91287
5795  158.91324
5800  153.60922
5805  162.41188
5810  158.63712
5815  151.43987
5820  72.196655
5825  154.7362
5830  131.90916
5835  97.66933
5840  151.04976
5845  153.93735
5850  145.72446
5855  168.82884
5860  127.84221
5865  160.28049
5870  153.93318
5875  153.8254
5880  148.19661
5885  159.98921
5890  158.70734
5895  152.07332
5900  104.04352
5905  110.11293
5910  155.88701
5915  154.95906
5920  154.5173
5925  160.90976
5930  157.58217
5935  94.82269
5940  154.5853
5945  120.05336
5950  153.26872
5955  107.547485
5960  146.8646
5965  164.62912
5970  152.01225
5975  126.69878
5980  150.59232
5985  156.58556
5990  155.40909
5995  155.9711
6000  160.32217
6005  162.60287
6010  158.6771
6015  164.03543
6020  164.22754
6025  166.76717
6030  152.8394
6035  167.25691
6040  105.957886
6045  133.58078
6050  154.41881
6055  136.55264
6060  175.05917
6065  170.60469
6070  164.42809
6075  170.345
6080  164.42545
6085  169.0348
6090  159.72853
6095  134.63486
6100  147.9193
6105  186.28293
6110  109.709885
6115  122.48025
6120  177.38794
6125  179.4664
6130  132.20857
6135  117.019066
6140  163.8179
6145  169.2018
6150  159.77188
6155  101.54307
6160  170.55661
6165  181.49426
6170  161.63687
6175  109.447464
6180  165.20044
6185  172.43733
6190  169.24161
6195  174.49509
6200  178.99995
6205  170.24869
6210  166.43533
6215  151.66037
6220  130.12402
6225  181.37967
6230  176.40494
6235  184.11826
6240  172.14742
6245  176.53915
6250  108.83665
6255  164.0497
6260  179.37221
6265  150.11633
6270  168.7851
6275  116.123245
6280  171.9451
6285  169.05809
6290  111.840164
6295  129.67844
6300  145.65988
6305  149.15982
6310  179.39883
6315  173.71942
6320  168.92154
6325  186.43143
6330  166.22537
6335  151.7496
6340  185.10794
6345  178.69669
6350  162.40019
6355  160.31766
6360  177.8741
6365  183.8416
6370  151.5062
6375  190.1905
6380  150.09103
6385  151.19293
6390  130.29875
6395  194.66792
6400  155.07777
6405  180.30235
6410  86.903336
6415  164.14836
6420  121.23342
6425  192.53146
6430  118.07169
6435  186.95601
6440  165.92451
6445  120.69334
6450  191.14818
6455  184.22986
6460  149.1337
6465  168.4183
6470  192.21327
6475  94.89213
6480  122.95139
6485  192.60513
6490  186.73239
6495  108.360596
6500  159.91783
6505  184.07306
6510  205.03601
6515  185.7142
6520  190.25656
6525  190.57918
6530  182.94923
6535  161.42493
6540  187.47963
6545  182.22856
6550  179.98778
6555  180.1283
6560  172.07893
6565  185.56772
6570  179.87267
6575  132.68791
6580  188.36646
6585  208.13184
6590  155.74683
6595  147.24731
6600  195.273
6605  194.40196
6610  195.3536
6615  179.07092
6620  194.64134
6625  196.1011
6630  91.08137
6635  117.75348
6640  178.06897
6645  202.34912
6650  165.54642
6655  132.88058
6660  190.35443
6665  199.83911
6670  170.82422
6675  169.52469
6680  186.37473
6685  193.08473
6690  181.46701
6695  189.61646
6700  178.5204
6705  193.0372
6710  156.11247
6715  183.57838
6720  186.68471
6725  196.24683
6730  144.06209
6735  198.672
6740  96.45852
6745  189.93266
6750  131.0671
6755  192.85637
6760  186.97571
6765  184.6684
6770  193.52676
6775  158.71765
6780  145.2446
6785  160.66748
6790  161.81242
6795  153.06601
6800  145.20407
6805  187.2539
6810  173.75612
6815  183.1303
6820  192.32593
6825  149.87541
6830  204.07193
6835  184.90195
6840  205.99919
6845  149.33488
6850  197.75035
6855  199.97986
6860  45.520203
6865  167.94968
6870  201.62177
6875  200.09074
6880  144.84937
6885  185.63414
6890  191.55301
6895  196.44621
6900  198.39047
6905  193.45828
6910  201.6252
6915  194.98671
6920  184.38945
6925  187.79005
6930  185.4675
6935  199.57626
6940  191.32552
6945  191.72778
6950  196.58159
6955  199.22055
6960  124.53371
6965  153.54678
6970  205.23166
6975  199.2139
6980  187.59283
6985  191.23369
6990  162.51834
6995  200.53156
7000  142.36002
7005  202.04117
7010  202.87326
7015  205.00879
7020  152.22539
7025  199.68509
7030  202.56409
7035  71.94733
7040  198.61972
7045  203.43317
7050  149.62578
7055  202.65685
7060  140.88763
7065  200.11923
7070  196.8989
7075  136.9119
7080  154.34279
7085  204.81758
7090  200.59589
7095  168.55312
7100  206.60828
7105  168.07185
7110  137.7806
7115  156.35895
7120  152.57942
7125  158.58965
7130  205.50752
7135  194.97824
7140  199.90749
7145  122.51802
7150  213.91971
7155  175.07153
7160  144.88899
7165  200.88448
7170  167.58936
7175  92.471664
7180  186.56195
7185  204.81575
7190  161.36748
7195  199.22437
7200  196.47319
7205  204.62698
7210  200.09729
7215  195.46037
7220  203.35883
7225  157.16536
7230  143.39572
7235  210.69711
7240  145.36127
7245  150.47627
7250  211.54507
7255  126.15981
7260  153.7387
7265  140.90031
7270  196.73857
7275  210.14835
7280  170.18741
7285  207.04895
7290  87.472336
7295  175.9146
7300  207.02774
7305  95.60266
7310  143.96341
7315  103.90652
7320  203.0227
7325  208.40385
7330  213.5997
7335  209.46223
7340  177.39784
7345  158.79208
7350  204.29526
7355  153.61899
7360  83.309
7365  154.99243
7370  203.15504
7375  162.06929
7380  209.52551
7385  207.14282
7390  158.81592
7395  106.90328
7400  207.59785
7405  87.09712
7410  213.85104
7415  206.48677
7420  207.84262
7425  213.8206
7430  159.56596
7435  214.67688
7440  207.77763
7445  156.62025
7450  203.34526
7455  90.69361
7460  213.90742
7465  162.27707
7470  209.92294
7475  207.56306
7480  210.73083
7485  210.68106
7490  206.45744
7495  105.602745
7500  183.50716
7505  197.82419
7510  203.27673
7515  142.58789
7520  126.88463
7525  139.66315
7530  210.17155
7535  194.05551
7540  114.36159
7545  144.97627
7550  198.69725
7555  208.12288
7560  205.05562
7565  204.21019
7570  210.00537
7575  204.67496
7580  154.12003
7585  215.61655
7590  216.93234
7595  81.11934
7600  148.28622
7605  214.33249
7610  208.93648
7615  125.13927
7620  210.47083
7625  202.7195
7630  140.17587
7635  135.15588
7640  170.43619
7645  213.67854
7650  168.19688
7655  200.74551
7660  218.26472
7665  172.08923
7670  206.79361
7675  207.58139
7680  146.16968
7685  129.08313
7690  201.32288
7695  211.59561
7700  203.83987
7705  109.0273
7710  148.28299
7715  202.54391
7720  207.74625
7725  212.64543
7730  210.3186
7735  141.90364
7740  195.87383
7745  153.12468
7750  208.60759
7755  203.20248
7760  214.03154
7765  145.06401
7770  198.93567
7775  208.7015
7780  210.39433
7785  201.40845
7790  208.00142
7795  204.99553
7800  210.15096
7805  200.91081
7810  164.61989
7815  150.45882
7820  145.8988
7825  205.9678
7830  211.71187
7835  149.02553
7840  140.55783
7845  74.57143
7850  148.86778
7855  210.98347
7860  211.52286
7865  211.36934
7870  205.46394
7875  208.17627
7880  206.07954
7885  213.81705
7890  167.4025
7895  216.53806
7900  217.01993
7905  210.69563
7910  215.47379
7915  206.71957
7920  205.23552
7925  207.8623
7930  206.37471
7935  109.868004
7940  217.88232
7945  216.00937
7950  171.98965
7955  216.74234
7960  215.6665
7965  164.95746
7970  220.19893
7975  219.41647
7980  215.64343
7985  218.17143
7990  126.30648
7995  215.684
8000  212.75815
8005  215.51193
8010  216.51472
8015  81.58718
8020  214.21048
8025  150.76663
8030  72.866714
8035  145.20769
8040  185.53416
8045  163.08017
8050  220.25742
8055  216.92676
8060  215.44418
8065  219.28899
8070  160.47223
8075  216.16621
8080  222.55193
8085  188.52184
8090  218.40166
8095  211.0301
8100  220.85287
8105  165.5172
8110  222.7718
8115  174.99638
8120  220.25925
8125  216.91963
8130  168.96503
8135  217.64502
8140  216.32297
8145  221.7989
8150  217.36331
8155  210.26685
8160  218.7377
8165  219.46353
8170  220.0293
8175  220.91805
8180  220.59525
8185  220.91814
8190  222.4487
8195  205.5645
8200  158.00148
8205  219.4454
8210  218.65608
8215  223.30396
8220  219.79343
8225  218.4941
8230  224.7664
8235  122.081215
8240  222.57703
8245  132.41666
8250  218.36404
8255  219.05399
8260  220.85371
8265  224.646
8270  225.50415
8275  196.09937
8280  190.82883
8285  223.4593
8290  216.91948
8295  221.99736
8300  221.95378
8305  225.05261
8310  187.4552
8315  161.36356
8320  221.05632
8325  226.02432
8330  223.15225
8335  225.76453
8340  224.77432
8345  161.95297
8350  182.03787
8355  225.78775
8360  225.79568
8365  225.15132
8370  229.36911
8375  172.20706
8380  227.67017
8385  227.4874
8390  224.84692
8395  168.6404
8400  224.19827
8405  227.55078
8410  227.09123
8415  227.72379
8420  227.7199
8425  227.36523
8430  227.52734
8435  228.80582
8440  227.07626
8445  231.26636
8450  226.15715
8455  226.89624
8460  229.304
8465  225.39322
8470  173.30841
8475  224.10152
8480  230.14311
8485  225.38748
8490  224.85278
8495  226.9594
8500  223.76831
8505  228.41953
8510  221.5704
8515  221.19124
8520  228.77011
8525  228.00644
8530  224.79822
8535  227.76411
8540  223.60062
8545  225.02393
8550  228.82747
8555  178.51108
8560  225.55911
8565  229.78352
8570  228.50818
8575  225.96794
8580  228.01506
8585  226.71025
8590  226.43942
8595  179.15392
8600  205.87393
8605  229.32478
8610  168.03532
8615  227.55301
8620  226.15315
8625  192.72441
8630  226.93094
8635  191.82022
8640  230.53696
8645  222.8626
8650  227.45845
8655  228.56673
8660  228.80026
8665  222.1453
8670  225.50777
8675  228.68343
8680  226.42993
8685  120.60448
8690  223.49841
8695  228.2406
8700  225.39761
8705  160.38489
8710  132.94434
8715  200.10696
8720  170.34853
8725  169.2606
8730  142.29048
8735  227.01376
8740  227.21391
8745  227.53186
8750  226.7233
8755  226.63797
8760  227.7761
8765  222.56738
8770  226.9945
8775  91.097305
8780  188.11797
8785  229.10855
8790  179.91255
8795  183.9436
8800  189.26564
8805  227.22153
8810  228.18343
8815  220.46501
8820  226.46709
8825  227.41965
8830  230.45963
8835  226.65744
8840  175.28775
8845  226.26462
8850  230.15024
8855  227.49663
8860  226.98567
8865  224.32993
8870  162.64285
8875  221.60979
8880  215.97356
8885  226.17331
8890  223.01624
8895  159.82996
8900  224.0918
8905  198.1545
8910  226.34949
8915  224.18643
8920  226.28687
8925  230.029
8930  175.31717
8935  225.97795
8940  133.36974
8945  167.84843
8950  226.1379
8955  222.49704
8960  158.56535
8965  223.98909
8970  225.04675
8975  227.27768
8980  227.12012
8985  227.69365
8990  227.17935
8995  226.71573
9000  224.20772
9005  226.45181
9010  226.54683
9015  168.70396
9020  228.11165
9025  223.13501
9030  227.05771
9035  164.12337
9040  205.39648
9045  222.59042
9050  228.0751
9055  226.31482
9060  176.06438
9065  222.32178
9070  223.99837
9075  226.04659
9080  225.13777
9085  228.52788
9090  225.89392
9095  189.32126
9100  222.83101
9105  227.62732
9110  193.19702
9115  228.3978
9120  223.9851
9125  228.89494
9130  227.40169
9135  226.95157
9140  196.36653
9145  191.7124
9150  186.00644
9155  225.24393
9160  227.5402
9165  229.14925
9170  228.79288
9175  230.33061
9180  194.76099
9185  227.04195
9190  226.81088
9195  223.6853
9200  225.35979
9205  159.75432
9210  201.54526
9215  226.99834
9220  227.2236
9225  198.02844
9230  187.9172
9235  229.70073
9240  228.6551
9245  230.50996
9250  224.64145
9255  230.75615
9260  202.61662
9265  230.51758
9270  227.62431
9275  167.94318
9280  227.60641
9285  229.71225
9290  134.24509
9295  183.55557
9300  184.18112
9305  194.39514
9310  75.87129
9315  170.77307
9320  228.86885
9325  229.67383
9330  226.86983
9335  228.06978
9340  226.74313
9345  229.82149
9350  228.09712
9355  108.9755
9360  230.39029
9365  167.57861
9370  222.67722
9375  110.14394
9380  232.44719
9385  203.6726
9390  229.69165
9395  147.28339
9400  192.85455
9405  200.94493
9410  231.42436
9415  226.00534
9420  230.69194
9425  195.59988
9430  227.38538
9435  192.20056
9440  230.26103
9445  155.34247
9450  178.01361
9455  178.29703
9460  228.27393
9465  229.96391
9470  165.72769
9475  224.93335
9480  228.26965
9485  229.81543
9490  222.66939
9495  228.52823
9500  227.56213
9505  225.67847
9510  179.82808
9515  172.98137
9520  223.72041
9525  226.17343
9530  226.5989
9535  229.18779
9540  222.90059
9545  228.33562
9550  230.78659
9555  230.02715
9560  230.75595
9565  228.95708
9570  230.79353
9575  232.83423
9580  230.52792
9585  230.99057
9590  229.57356
9595  229.96004
9600  204.20816
9605  232.59273
9610  229.3625
9615  229.90593
9620  231.11555
9625  182.05573
9630  150.94763
9635  232.00174
9640  199.45952
9645  229.56364
9650  229.2858
9655  164.87022
9660  182.5722
9665  230.51408
9670  232.34814
9675  208.43872
9680  231.59431
9685  189.31862
9690  225.94824
9695  203.12796
9700  229.51047
9705  228.31863
9710  227.20268
9715  196.28035
9720  227.18391
9725  231.67236
9730  229.72148
9735  112.680664
9740  229.29324
9745  227.26797
9750  229.29839
9755  227.90288
9760  191.61624
9765  228.04399
9770  227.76372
9775  227.59033
9780  227.73601
9785  204.50293
9790  226.95029
9795  226.31877
9800  229.25797
9805  229.53137
9810  228.9823
9815  228.23982
9820  188.03453
9825  230.64453
9830  228.43848
9835  228.87451
9840  233.3353
9845  232.61734
9850  231.37833
9855  230.16496
9860  230.1897
9865  208.75322
9870  232.74617
9875  231.11226
9880  232.52234
9885  183.84612
9890  232.95663
9895  230.80869
9900  232.64871
9905  232.5344
9910  229.51538
9915  233.29993
9920  229.8431
9925  231.38443
9930  231.72762
9935  175.43182
9940  184.78178
9945  182.763
9950  232.21318
9955  231.71811
9960  232.6969
9965  229.52295
9970  230.59464
9975  232.64499
9980  229.40646
9985  231.52205
9990  232.62534
9995  234.39499
10000  227.30977
10005  226.72961
10010  231.0529
10015  233.38562
10020  233.70663
10025  232.95166
10030  231.06673
10035  235.65508
10040  234.87534
10045  234.40356
10050  237.2887
10055  236.13974
10060  233.36467
10065  233.49112
10070  235.1749
10075  232.79646
10080  205.55745
10085  235.67537
10090  184.2605
10095  237.56418
10100  234.7655
10105  236.4128