_Episode  _MeanReward
20  -149.614
40  -143.609
60  -146.025
80  -157.578
100  -162.299
120  -172.85
140  -187.517
160  -183.804
180  -201.816
200  -194.635
220  -208.002
240  -199.263
260  -200.951
280  -199.696
300  -203.396
320  -209.415
340  -207.912
360  -211.898
380  -185.702
400  -178.093
420  -157.904
440  -159.457
460  -149.363
480  -171.664
500  -167.707
520  -149.601
540  -147.196
560  -144.766
580  -141.594
600  -139.924
620  -142.559
640  -141.7
660  -136.066
680  -138.66
700  -140.442
720  -132.151
740  -131.887
760  -138.866
780  -139.807
800  -140.064
820  -141.66
840  -140.844
860  -138.159
880  -136.212
900  -141.752
920  -137.119
940  -136.061
960  -134.69
980  -137.478
1000  -131.695
1020  -133.696
1040  -127.015
1060  -150.986
1080  -142.17
1100  -143.65
1120  -137.179
1140  -138.345
1160  -138.797
1180  -135.958
1200  -132.683
1220  -134.272
1240  -130.125
1260  -124.675
1280  -124.893
1300  -121.433
1320  -120.658
1340  -111.08
1360  -109.999
1380  -109.094
1400  -101.941
1420  -98.7686
1440  -95.4086
1460  -88.0002
1480  -86.554
1500  -83.4535
1520  -79.3679
1540  -69.4742
1560  -63.3116
1580  -52.7955
1600  -41.8339
1620  -31.4496
1640  -17.1991
1660  -120.254
1680  -108.174
1700  -112.195
1720  -94.8882
1740  -98.5259
1760  -61.3945
1780  -74.6843
1800  -76.5461
1820  -17.8581
1840  -10.0196
1860  -7.91573
1880  6.39393
1900  -1.45192
1920  13.3197
1940  1.33157
1960  26.1696
1980  19.0518
2000  9.44647
2020  12.8517
2040  9.86462
2060  12.5338
2080  25.5074
2100  26.7123
2120  38.0505
2140  39.8491
2160  38.8081
2180  41.4295
2200  46.4104
2220  59.3405
2240  64.5121
2260  66.2986
2280  67.6255
2300  70.6024
2320  77.5149
2340  76.0796
2360  77.6372
2380  76.6154
2400  84.1186
2420  82.9374
2440  80.1844
2460  75.1329
2480  75.212
2500  74.4322
2520  76.5341
2540  80.9977
2560  89.2215
2580  90.573
2600  98.1223
2620  100.469
2640  104.125
2660  106.087
2680  108.874
2700  112.885
2720  115.323
2740  117.14
2760  121.559
2780  112.555
2800  119.173
2820  118.066
2840  116.865
2860  118.816
2880  116.651
2900  123.896
2920  126.345
2940  122.838
2960  127.075
2980  125.024
3000  122.655
3020  124.587
3040  125.29
3060  124.607
3080  128.576
3100  88.8717
3120  76.9365
3140  -22.5738
3160  99.1941
3180  100.573
3200  107.077
3220  106.267
3240  108.341
3260  120.464
3280  122.376
3300  123.701
3320  132.536
3340  125.161
3360  135.153
3380  141.164
3400  133.33
3420  145.178
3440  144.95
3460  145.594
3480  151.832
3500  154.797
3520  151.601
3540  152.114
3560  160.07
3580  154.238
3600  142.603
3620  127.986
3640  102.253
3660  114.962
3680  130.55
3700  158.774
3720  128.965
3740  134.336
3760  93.6985
3780  123.449
3800  129.932
3820  104.798
3840  139.903
3860  112.321
3880  54.7598
3900  29.759
3920  -6.30403
3940  29.6303
3960  40.1533
3980  17.6278
4000  27.7398
4020  13.5528
4040  36.4921
4060  49.5698
4080  51.0892
4100  53.0899
4120  57.3142
4140  59.4665
4160  53.766
4180  64.3801
4200  73.3858
4220  78.6459
4240  77.8543
4260  83.3314
4280  84.1262
4300  94.7894
4320  98.6361
4340  103.329
4360  104.849
4380  110.386
4400  110.709
4420  114.293
4440  116.896
4460  118.648
4480  120.759
4500  124.978
4520  126.488
4540  130.093
4560  132.26
4580  134.768
4600  136.746
4620  140.83
4640  142.503
4660  134.344
4680  131.5
4700  145.503
4720  140.904
4740  133.919
4760  139.816
4780  132.09
4800  139.59
4820  137.027
4840  141.929
4860  148.402
4880  145.041
4900  146.666
4920  143.623
4940  146.834
4960  149.366
4980  151.819
5000  152.016
5020  152.136
5040  158.049
5060  153.931
5080  158.746
5100  158.621
5120  146.807
5140  156.297
5160  155.399
5180  159.161
5200  159.918
5220  163.972
5240  162.074
5260  156.745
5280  167.917
5300  163.879
5320  155.67
5340  162.275
5360  152.667
5380  161.057
5400  159.981
5420  159.024
5440  163.254
5460  171.594
5480  170.1
5500  163.003
5520  167.435
5540  163.122
5560  169.73
5580  164.693
5600  172.691
5620  167.531
5640  163.539
5660  174.415
5680  171.868
5700  172.748
5720  161.546
5740  154.709
5760  149.38
5780  156.506
5800  131.648
5820  131.079
5840  104.054
5860  154.059
5880  94.93
5900  93.4835
5920  97.0294
5940  111.211
5960  155.206
5980  162.78
6000  117.256
6020  147.21
6040  129.229
6060  168.616
6080  184.708
6100  174.853
6120  172.077
6140  174.584
6160  184.659
6180  181.782
6200  182.97
6220  167.817
6240  180.209
6260  186.153
6280  182.626
6300  102.782
6320  -100.875
6340  -151.954
6360  -120.008
6380  -143.521
6400  -113.838
6420  -165.172
6440  -152.618
6460  -98.8583
6480  -167.29
6500  -141.267
6520  -106.9
6540  -89.0801
6560  -89.3793
6580  -89.1055
6600  -84.4479
6620  -80.6192
6640  -82.8899
6660  -81.799
6680  -82.9692
6700  -74.3245
6720  -73.8733
6740  -82.3382
6760  -60.4875
6780  -70.7953
6800  -40.7702
6820  -44.0649
6840  -44.7187
6860  -45.9748
6880  -45.3715
6900  -43.0519
6920  -43.2054
6940  -38.9092
6960  -34.4926
6980  -26.9292
7000  -26.9017
7020  -35.5184
7040  -16.5866
7060  -14.3573
7080  9.55274
7100  19.5949
7120  32.5359
7140  33.6568
7160  41.1395
7180  18.5705
7200  34.9249
7220  33.8798
7240  36.2674
7260  42.2724
7280  40.2932
7300  65.1135
7320  71.9263
7340  58.2232
7360  50.1587
7380  62.9631
7400  91.417
7420  73.7648
7440  91.3305
7460  76.7961
7480  107.685
7500  56.9887
7520  85.8562
7540  93.0946
7560  109.606
7580  107.02
7600  108.272
7620  109.185
7640  109.683
7660  102.846
7680  98.727
7700  90.7293
7720  109.086
7740  101.023
7760  104.659
7780  105.595
7800  126.978
7820  100.8
7840  106.167
7860  91.5904
7880  94.8897
7900  104.074
7920  114.192
7940  95.924
7960  95.5747
7980  39.0612
8000  85.3949
8020  74.9432
8040  90.357
8060  87.1776
8080  88.0881
8100  104.001
8120  94.912
8140  71.3309
8160  83.4176
8180  91.425
8200  129.966
8220  107.126
8240  49.6204
8260  100.242
8280  76.1219
8300  43.1543
8320  59.2429
8340  47.7964
8360  64.2252
8380  59.6659
8400  39.4231
8420  70.4611
8440  50.0586
8460  67.3606
8480  76.28
8500  30.5944
8520  97.6676
8540  86.2034
8560  90.8019
8580  79.3503
8600  95.7747
8620  58.3124
8640  49.4065
8660  56.845
8680  39.0755
8700  89.4838
8720  66.6547
8740  21.6587
8760  55.6049
8780  20.3282
8800  -23.3151
8820  -23.3641
8840  -18.2052
8860  -51.9722
8880  15.6584
8900  -4.26727
8920  -51.7567
8940  -27.59
8960  -23.541
8980  -33.9443
9000  -13.9699
9020  14.747
9040  -3.15293
9060  -23.5586
9080  -26.461
9100  -22.5176
9120  -32.6464
9140  -31.6993
9160  -11.3906
9180  -30.4531
9200  55.4334
9220  23.7392
9240  30.3009
9260  -32.1528
9280  -14.5802
9300  29.151
9320  22.1805
9340  35.3538
9360  68.0254
9380  69.7855
9400  82.9406
9420  97.4215
9440  99.3597
9460  84.2556
9480  101.125
9500  54.2579
9520  102.826
9540  87.4588
9560  75.8451
9580  92.3139
9600  96.2725
9620  68.9838
9640  92.516
9660  66.6183
9680  71.9112
9700  99.0237
9720  99.4262
9740  93.3976
9760  100.311
9780  95.9897
9800  88.1627
9820  113.997
9840  114.948
9860  110.024
9880  104.196
9900  80.1681
9920  94.0446
9940  49.6823
9960  87.1178
9980  57.1295
10000  71.1594
10020  72.8089
10040  110.848
10060  104.77
10080  93.6208
10100  80.751
10120  99.56
10140  118.724
10160  111.967
10180  110.31
10200  111.092
10220  111.761
10240  107.758
10260  99.5346
10280  107.528
10300  115.359
10320  109.21
10340  97.0019
10360  103.025
10380  103.993
10400  106.702
10420  82.8602
10440  101.239
10460  106.997
10480  98.512
10500  86.2505
10520  90.4181
10540  86.7194
10560  84.8711
10580  54.1716
10600  48.5646
10620  118.838
10640  136.094
10660  128.106
10680  149.105
10700  139.812
10720  -107.051
10740  -122.69
10760  -128.146
10780  -129.365
10800  -131.862
10820  -122.624
10840  -124.007
10860  -121.124
10880  -169.664
10900  -150.078
10920  -140.338
10940  -181.295
10960  -180.795
10980  -175.705
11000  -186.094
11020  -171.492
11040  -171.572
11060  -186.397
11080  -187.442
11100  -180.975
11120  -191.408
11140  -183.422
11160  -181.651
11180  -184.249
11200  -185.472
11220  -176.236
11240  -187.068
11260  -193.149
11280  -192.311
11300  -178.868
11320  -182.885
11340  -190.999
11360  -191.056
11380  -199.309
11400  -184.101
11420  -181.947
11440  -202.819
11460  -186.129
11480  -194.098
11500  -191.365
11520  -194.342
11540  -180.176
11560  -195.266
11580  -184.54
11600  -197.209
11620  -195.651
11640  -193.151
11660  -190.61
11680  -179.725
11700  -175.971
11720  -185.75
11740  -184.612
11760  -191.521
11780  -175.611
11800  -182.657
11820  -182.598
11840  -198.033
11860  -184.466
11880  -201.753
11900  -193.205
11920  -194.794
11940  -210.359
11960  -202.698
11980  -212.891
12000  -214.217
12020  -200.191
12040  -200.26
12060  -206.512
12080  -200.63
12100  -214.303
12120  -197.454
12140  -197.045
12160  -194.838
12180  -206.344
12200  -218.57
12220  -204.702
12240  -211.481
12260  -210.811
12280  -223.509
12300  -205.562
12320  -203.376
12340  -207.388
12360  -196.644
12380  -208.295
12400  -208.241
12420  -207.043
12440  -202.284
12460  -204.4
12480  -146.924
12500  -217.375
12520  -184.804
12540  -119.583
12560  -204.165
12580  -120.978
12600  -119.428
12620  -120.189
12640  -119.116
12660  -119.884
12680  -118.35
12700  -116.61
12720  -114.629
12740  -110.574
12760  -108.633
12780  -107.515
12800  -105.589
12820  -103.671
12840  -103.901
12860  -102.343
12880  -102.137
12900  -98.3465
12920  -104.293
12940  -102.146
12960  -96.8407
12980  -95.6622
13000  -95.4076
13020  -107.617
13040  -95.5896
13060  -93.8658
13080  -99.4236
13100  -96.4387
13120  -98.6357
13140  -93.359
13160  -92.3505
13180  -93.9175
13200  -92.2933
13220  -88.3344
13240  -88.7139
13260  -88.3934
13280  -88.1442
13300  -84.9963
13320  -90.2236
13340  -88.5581
13360  -89.6674
13380  -88.4502
13400  -91.2642
13420  -89.8461
13440  -88.5306
13460  -86.9717
13480  -86.853
13500  -91.1507
13520  -87.6668
13540  -84.4997
13560  -83.6311
13580  -91.13
13600  -98.2439
13620  -99.019
13640  -95.4143
13660  -96.664
13680  -95.9167
13700  -91.4327
13720  -93.6527
13740  -94.2634
13760  -91.4998
13780  -89.2035
13800  -87.1146
13820  -84.9202
13840  -87.446
13860  -86.0201
13880  -86.7943
13900  -87.9755
13920  -85.7111
13940  -87.8676
13960  -84.0518
13980  -87.2387
14000  -89.623
14020  -81.9427
14040  -80.3264
14060  -79.8315
14080  -96.8121
14100  -89.7634
14120  -78.5701
14140  -77.4133
14160  -72.4643
14180  -74.768
14200  -76.0568
14220  -78.1769
14240  -69.3954
14260  -72.2716
14280  -75.271
14300  -72.3658
14320  -79.5101
14340  -77.1343
14360  -71.1345
14380  -71.1668
14400  -72.0796
14420  -69.1244
14440  -65.9861
14460  -63.0756
14480  -61.3131
14500  -59.1387
14520  -62.7998
14540  -62.919
14560  -90.977
14580  -101.189
14600  -62.8864
14620  -89.1902
14640  -94.4054
14660  -93.3053
14680  -96.7441
14700  -104.731
14720  -110.43
14740  -143.459
14760  -149.753
14780  -147.051
14800  -158.308
14820  -154.306
14840  -170.798
14860  -155.695
14880  -139.614
14900  -149.112
14920  -152.381
14940  -157.51
14960  -154.45
14980  -151.874
15000  -167.746
15020  -136.436
15040  -139.205
15060  -149.808
15080  -134.132
15100  -145.301
15120  -135.326
15140  -144.338
15160  -131.85
15180  -142.862
15200  -143.998
15220  -130.439
15240  -117.779
15260  -131.916
15280  -138.773
15300  -121.787