_Episode  _MeanReward
20  -118.36379
40  -132.7188
60  -138.43814
80  -128.70184
100  -131.4024
120  -124.769615
140  -122.56938
160  -123.94682
180  -125.2792
200  -128.668
220  -133.2841
240  -137.11458
260  -133.00478
280  -140.0824
300  -135.1276
320  -136.86826
340  -137.70685
360  -136.1897
380  -142.3393
400  -135.7532
420  -141.78105
440  -137.55698
460  -146.54909
480  -137.91812
500  -150.73372
520  -139.4362
540  -153.71875
560  -137.66214
580  -157.23409
600  -138.22856
620  -157.6492
640  -134.59535
660  -163.24522
680  -136.90996
700  -163.02576
720  -138.6771
740  -171.98752
760  -139.374
780  -167.00389
800  -136.36873
820  -174.81311
840  -132.99457
860  -180.43425
880  -135.1043
900  -169.94461
920  -139.54953
940  -183.4108
960  -140.58969
980  -178.13528
1000  -140.12015
1020  -178.10712
1040  -143.48938
1060  -183.36432
1080  -149.46194
1100  -183.44191
1120  -146.74052
1140  -175.54298
1160  -151.07368
1180  -175.46266
1200  -151.38123
1220  -178.15228
1240  -154.67703
1260  -183.42058
1280  -155.04723
1300  -178.15091
1320  -162.84378
1340  -175.5217
1360  -158.4461
1380  -180.72812
1400  -163.85439
1420  -178.13031
1440  -167.02304
1460  -183.4505
1480  -174.26146
1500  -178.0717
1520  -172.66945
1540  -175.51053
1560  -172.9006
1580  -180.72162
1600  -158.67397
1620  -124.7769
1640  -125.85447
1660  -127.029526
1680  -132.50131
1700  -128.25621
1720  -132.27246
1740  -127.892334
1760  -132.5465
1780  -125.69354
1800  -133.6892
1820  -130.18245
1840  -138.6493
1860  -130.62213
1880  -136.67323
1900  -134.43845
1920  -139.4495
1940  -134.759
1960  -137.25238
1980  -140.10031
2000  -135.33792
2020  -142.93307
2040  -137.44235
2060  -145.93576
2080  -136.63107
2100  -146.80246
2120  -135.54178
2140  -142.67361
2160  -138.69215
2180  -156.21442
2200  -136.43082
2220  -159.16916
2240  -137.3635
2260  -153.96187
2280  -137.70895
2300  -163.98154
2320  -139.32472
2340  -165.413
2360  -138.98947
2380  -170.83209
2400  -139.03247
2420  -166.8401
2440  -135.53209
2460  -168.80046
2480  -136.6968
2500  -180.47952
2520  -136.44975
2540  -183.31276
2560  -138.33902
2580  -180.79906
2600  -136.38193
2620  -180.72037
2640  -137.92848
2660  -180.7568
2680  -144.27226
2700  -178.15288
2720  -145.78453
2740  -167.61243
2760  -147.97343
2780  -180.7854
2800  -150.83932
2820  -180.75224
2840  -150.79807
2860  -175.48604
2880  -151.52156
2900  -178.06613
2920  -155.78171
2940  -175.55292
2960  -162.99141
2980  -180.71817
3000  -166.606
3020  -175.49516
3040  -168.7667
3060  -170.15245
3080  -174.55452
3100  -180.76285
3120  -171.87408
3140  -183.44846
3160  -175.17955
3180  -175.47704
3200  -175.19113
3220  -178.06506
3240  -160.62405
3260  -125.4645
3280  -129.84216
3300  -125.43675
3320  -132.77383
3340  -127.28578
3360  -132.35973
3380  -125.10183
3400  -137.39276
3420  -127.2751
3440  -136.40457
3460  -127.343346
3480  -136.20486
3500  -134.59863
3520  -136.34595
3540  -132.20291
3560  -136.01726
3580  -139.53426
3600  -140.61667
3620  -142.00758
3640  -138.67995
3660  -140.6828
3680  -135.14055
3700  -147.6949
3720  -135.07133
3740  -144.57957
3760  -139.25493
3780  -154.47824
3800  -140.29512
3820  -148.2
3840  -139.82948
3860  -160.18068
3880  -134.00484
3900  -160.47952
3920  -135.2485
3940  -159.80316
3960  -136.68234
3980  -163.405
4000  -138.21623
4020  -171.04611
4040  -136.39725
4060  -170.45462
4080  -136.91005
4100  -169.26387
4120  -139.06625
4140  -175.19936
4160  -137.53818
4180  -175.21237
4200  -137.18277
4220  -175.44748
4240  -137.57285
4260  -180.77982
4280  -141.99821
4300  -183.35994
4320  -143.33572
4340  -180.74278
4360  -145.50685
4380  -178.07083
4400  -146.27878
4420  -180.8346
4440  -147.55603
4460  -175.52576
4480  -152.70827
4500  -178.09547
4520  -157.54654
4540  -178.13326
4560  -155.60709
4580  -180.77791
4600  -162.27766
4620  -172.84322
4640  -160.61124
4660  -172.93272
4680  -168.54572
4700  -180.75388
4720  -168.50723
4740  -178.08398
4760  -167.03711
4780  -172.89934
4800  -177.79684
4820  -178.13625
4840  -180.48453
4860  -178.11417
4880  -172.07259
4900  -127.29375
4920  -130.65556
4940  -128.35854
4960  -134.9853
4980  -126.56555
5000  -135.48875
5020  -127.662735
5040  -130.84732
5060  -125.77461
5080  -132.99466
5100  -126.89909
5120  -138.9094
5140  -127.860695
5160  -139.74521
5180  -132.56473
5200  -134.37161
5220  -140.28787
5240  -138.75333
5260  -135.62538
5280  -139.18579
5300  -142.35472
5320  -137.74101
5340  -147.24496
5360  -135.30266
5380  -146.8831
5400  -136.98184
5420  -150.0506
5440  -138.05229
5460  -153.27177
5480  -136.48854
5500  -150.90775
5520  -139.63553
5540  -160.32312
5560  -137.48483
5580  -149.34076
5600  -134.70686
5620  -168.15596
5640  -137.55794
5660  -165.71371
5680  -138.61319
5700  -171.70682
5720  -134.29756
5740  -168.5104
5760  -135.40225
5780  -172.57042
5800  -139.68076
5820  -183.2911
5840  -135.9852
5860  -185.98062
5880  -136.80086
5900  -178.12625
5920  -137.66776
5940  -180.73698
5960  -141.48376
5980  -172.82704
6000  -139.61758
6020  -172.93494
6040  -148.09232
6060  -183.42155
6080  -146.15437
6100  -175.43478
6120  -153.71909
6140  -180.72409
6160  -155.04446
6180  -183.36209
6200  -156.20932
6220  -183.33748
6240  -160.58145
6260  -178.13333
6280  -162.62366
6300  -186.00226
6320  -164.37576
6340  -180.69312
6360  -173.22513
6380  -180.72044
6400  -169.65831
6420  -175.42625
6440  -172.81152
6460  -180.81523
6480  -175.24544
6500  -186.00768
6520  -163.72908
6540  -126.36658
6560  -127.39498
6580  -125.36101
6600  -132.39592
6620  -126.881874
6640  -132.96382
6660  -125.91496
6680  -135.99493
6700  -128.17354
6720  -136.34436
6740  -128.73903
6760  -139.93893
6780  -132.9914
6800  -138.13844
6820  -132.90503
6840  -139.3616
6860  -138.79
6880  -136.9311
6900  -136.97305
6920  -137.78877
6940  -144.9573
6960  -136.39041
6980  -146.0266
7000  -136.87637
7020  -150.87898
7040  -137.24101
7060  -143.02393
7080  -134.79495
7100  -152.3505
7120  -138.99338
7140  -159.3901
7160  -135.84586
7180  -159.8901
7200  -137.98007
7220  -155.34897
7240  -139.26942
7260  -166.07286
7280  -136.8107
7300  -171.97298
7320  -134.63245
7340  -175.04707
7360  -135.38745
7380  -177.28221
7400  -139.4725
7420  -171.77173
7440  -135.92213
7460  -183.1186
7480  -139.22302
7500  -175.54587
7520  -138.95818
7540  -183.4396
7560  -137.61546
7580  -178.1175
7600  -144.66661
7620  -180.80408
7640  -144.81091
7660  -178.05176
7680  -151.2733
7700  -180.73131
7720  -150.90753
7740  -183.33754
7760  -156.64818
7780  -178.10872
7800  -154.71332
7820  -183.36899
7840  -157.1966
7860  -180.80559
7880  -162.89633
7900  -175.49861
7920  -165.3826
7940  -175.43124
7960  -162.66661
7980  -172.8251
8000  -168.40286
8020  -180.75233
8040  -168.72453
8060  -178.19307