_Episode  _MeanReward
5  -113.54132
10  -118.90918
15  -121.938095
20  -119.239334
25  -133.29996
30  -142.7833
35  -119.125916
40  -130.31793
45  -135.94829
50  -130.79219
55  -192.69638
60  -141.74094
65  -188.12753
70  -172.85217
75  -188.5135
80  -168.7023
85  -152.15709
90  -165.47404
95  -164.31792
100  -163.56989
105  -179.77498
110  -157.7225
115  -158.6508
120  -149.86179
125  -175.03947
130  -150.8516
135  -154.16931
140  -148.25252
145  -147.18307
150  -153.54996
155  -148.27217
160  -152.09987
165  -150.54272
170  -152.16467
175  -154.88295
180  -155.5377
185  -156.61104
190  -180.18312
195  -157.29886
200  -178.90433
205  -158.09155
210  -157.27068
215  -158.465
220  -156.66641
225  -157.66234
230  -157.58041
235  -157.13278
240  -177.46732
245  -177.88158
250  -155.577
255  -153.51628
260  -157.61751
265  -155.23453
270  -155.46402
275  -156.71606
280  -158.08371
285  -178.1879
290  -181.0062
295  -161.52467
300  -160.77551
305  -160.51814
310  -160.7565
315  -158.74149
320  -159.21689
325  -158.16264
330  -158.71439
335  -159.37076
340  -156.69344
345  -161.22006
350  -148.88962
355  -157.07297
360  -156.19287
365  -130.0882
370  -130.0474
375  -133.65448
380  -134.58383
385  -126.54507
390  -130.00023
395  -128.73576
400  -132.70662
405  -127.653244
410  -132.97717
415  -131.79472
420  -133.69083
425  -128.08215
430  -131.14719
435  -135.45032
440  -131.65596
445  -128.93059
450  -124.22817
455  -132.15787
460  -130.37563
465  -134.89047
470  -121.15172
475  -118.015724
480  -109.665726
485  -106.16182
490  -98.394585
495  -93.59493
500  -96.72914
505  -87.89361
510  -84.5379
515  -76.460754
520  -61.10561
525  -67.77651
530  -60.039955
535  -55.35681
540  -63.30847
545  -53.720085
550  -60.98812
555  -59.028503
560  -44.532467
565  -42.375298
570  -36.069336
575  -41.056465
580  -33.114693
585  -37.22345
590  -24.484196
595  -26.44653
600  -24.62112
605  -27.40034
610  -15.713504
615  -12.565775
620  -20.083975
625  -25.465466
630  -19.494062
635  -31.562962
640  -36.66633
645  -30.649073
650  -36.355583
655  -56.599476
660  -96.81681
665  -58.895294
670  -110.69063
675  -122.90507
680  -90.21089
685  -132.60709
690  -90.98106
695  -85.86593
700  -74.4632
705  -77.56114
710  -85.12832
715  -93.19293
720  -52.719715
725  -84.63993
730  -49.3228
735  -11.83214
740  -23.982595
745  -39.837326
750  -12.097258
755  -46.313953
760  -29.763256
765  -64.15138
770  -57.75947
775  -19.585764
780  -1.4797504
785  -52.45876
790  -14.075178
795  12.419977
800  -55.057117
805  -41.503456
810  -69.24929
815  -63.495075
820  -14.941069
825  -43.342964
830  13.93688
835  -40.74502
840  7.5664186
845  22.213453
850  13.820737
855  -33.420918
860  -59.875298
865  -20.640203
870  62.595654
875  -63.601086
880  54.119545
885  61.23069
890  61.26823
895  34.01205
900  -1.2831253
905  24.349268
910  -11.683954
915  -67.49733
920  -172.74872
925  -160.36142
930  -86.33458
935  -56.53961
940  -11.958356
945  -1.6150719
950  36.882465
955  4.919825
960  -44.180126
965  -76.80884
970  -90.45988
975  -64.21836
980  -29.88387
985  -43.436905
990  -41.31725
995  -3.27502
1000  16.637075
1005  42.53408
1010  -30.381855
1015  -103.274025
1020  -133.67264
1025  -114.03255
1030  -43.555027
1035  -61.832844
1040  -52.276672
1045  -109.2578
1050  -91.20326
1055  -94.18464
1060  -109.11509
1065  -113.311485
1070  -61.460938
1075  -92.18884
1080  -65.00393
1085  -106.884865
1090  -89.27756
1095  -147.34207
1100  -108.54674
1105  -154.14072
1110  -171.92612
1115  -168.75717
1120  -153.1958
1125  -147.4636
1130  -140.36554
1135  -144.34239
1140  -148.79716
1145  -148.31833
1150  -157.10591
1155  -162.89478
1160  -163.2019
1165  -162.24207
1170  -162.65868
1175  -161.41864
1180  -187.70898
1185  -249.12955
1190  -252.62183
1195  -229.87407
1200  -168.78088
1205  -175.58987
1210  -163.70047
1215  -164.94562
1220  -135.69585
1225  -126.21492
1230  -117.494736
1235  -121.45986
1240  -118.21195
1245  -117.46474
1250  -119.9412
1255  -117.4979
1260  -121.40846
1265  -122.69226
1270  -123.702805
1275  -117.29909
1280  -119.623276
1285  -119.598206
1290  -120.232956
1295  -117.69395
1300  -119.71974
1305  -122.56764
1310  -120.5338
1315  -120.83571
1320  -125.12856
1325  -120.673416
1330  -120.23274
1335  -123.08146
1340  -121.73338
1345  -116.986534
1350  -121.5256
1355  -117.89253
1360  -120.2484
1365  -116.065025
1370  -117.71802
1375  -119.289795
1380  -115.944824
1385  -122.94682
1390  -119.426414
1395  -115.616165
1400  -119.699875
1405  -125.84071
1410  -123.954346
1415  -122.54738
1420  -120.38467
1425  -116.08675
1430  -118.81728
1435  -121.60364
1440  -124.573586
1445  -133.72836
1450  -128.04498
1455  -122.12996
1460  -129.42764
1465  -128.28683
1470  -123.53506
1475  -118.23672
1480  -121.82214
1485  -123.356544
1490  -127.4933
1495  -118.280396
1500  -126.794334
1505  -127.06384
1510  -125.26675
1515  -133.01389
1520  -126.09172
1525  -124.58272
1530  -129.00224
1535  -129.0577
1540  -133.23416
1545  -124.99343
1550  -118.60835
1555  -119.144455
1560  -122.399376
1565  -120.59874
1570  -124.5532
1575  -123.70123
1580  -121.37927
1585  -130.71732
1590  -127.59363
1595  -126.4927
1600  -121.366615
1605  -124.51489
1610  -127.11941
1615  -120.86216
1620  -129.09055
1625  -127.98689
1630  -119.57686
1635  -125.76495
1640  -124.03383
1645  -136.23376
1650  -126.55995
1655  -126.425735
1660  -137.51122
1665  -125.53971
1670  -130.29486
1675  -148.96944
1680  -133.34421
1685  -128.72466
1690  -129.21838
1695  -159.98833
1700  -150.2778
1705  -167.04106
1710  -141.90515
1715  -152.81822
1720  -117.083115
1725  -120.50529
1730  -114.99495
1735  -128.11617
1740  -118.65259
1745  -125.11841
1750  -121.08939
1755  -123.48307
1760  -125.711975
1765  -141.9451
1770  -117.59318
1775  -153.92207
1780  -161.08853
1785  -131.14262
1790  -125.195335
1795  -119.819885
1800  -118.32296
1805  -115.02028
1810  -151.92615
1815  -143.9321
1820  -181.5914
1825  -161.0657
1830  -194.959
1835  -183.5665
1840  -218.585
1845  -242.5404
1850  -271.93512
1855  -184.07736
1860  -120.927246
1865  -152.87416
1870  -167.37273
1875  -164.69113
1880  -163.62248
1885  -175.81372
1890  -173.92776
1895  -156.2695
1900  -170.75659
1905  -166.3511
1910  -164.77522
1915  -161.51494
1920  -150.44968
1925  -162.4236
1930  -175.4107
1935  -161.89322
1940  -171.79076
1945  -170.55643
1950  -159.32288
1955  -155.53276
1960  -115.00795
1965  -136.01958
1970  -152.0307
1975  -151.38747
1980  -157.18188
1985  -159.33138
1990  -134.73384
1995  -119.28799
2000  -116.70654
2005  -123.82694
2010  -151.06311
2015  -165.76477
2020  -164.43132
2025  -160.30208
2030  -176.3472
2035  -150.31125
2040  -159.50844
2045  -178.10025
2050  -176.6553
2055  -160.11661
2060  -199.40022
2065  -175.55305
2070  -190.53983
2075  -191.99092
2080  -202.31575
2085  -178.27783
2090  -156.81097
2095  -165.15654
2100  -175.82224
2105  -199.07999
2110  -155.30742
2115  -171.85622
2120  -154.09811
2125  -176.28682
2130  -161.40958
2135  -148.11719
2140  -174.69923
2145  -173.36575
2150  -171.49158
2155  -156.4465
2160  -141.52316
2165  -154.33635
2170  -150.53757
2175  -174.53294
2180  -158.36914
2185  -160.60828
2190  -156.40591
2195  -156.85898
2200  -165.24336
2205  -172.91508
2210  -160.24483
2215  -173.7244
2220  -194.83737
2225  -152.51277
2230  -147.18695
2235  -148.10825
2240  -142.2159
2245  -148.24867
2250  -144.58762
2255  -134.19548
2260  -150.22563
2265  -142.90436
2270  -138.0374
2275  -136.32524
2280  -149.27599
2285  -186.15823
2290  -133.24911
2295  -161.92386
2300  -182.7167
2305  -141.70999
2310  -138.3165
2315  -139.66293
2320  -139.49782
2325  -142.91103
2330  -135.65909
2335  -133.69846
2340  -139.06282
2345  -138.86308
2350  -131.1766
2355  -131.07224
2360  -132.26125
2365  -127.965164
2370  -140.34892
2375  -151.44637
2380  -147.69125
2385  -125.7526
2390  -127.9146
2395  -131.15984
2400  -135.56413
2405  -141.78198
2410  -129.89188
2415  -125.95232
2420  -120.68889
2425  -131.4124
2430  -129.24709
2435  -128.9398
2440  -121.491615
2445  -130.76137
2450  -121.13216
2455  -125.34969
2460  -122.5908
2465  -114.70858
2470  -116.81606
2475  -119.38568
2480  -128.54361
2485  -129.80666
2490  -110.36583
2495  -131.35893
2500  -121.67717
2505  -130.40369
2510  -121.5427
2515  -126.98529
2520  -131.88715
2525  -114.7111
2530  -133.73349
2535  -119.8297
2540  -131.50455
2545  -125.66463
2550  -112.38265
2555  -121.637
2560  -192.53192
2565  -129.92825
2570  -121.77348
2575  -117.65456
2580  -129.06364
2585  -127.37972
2590  -118.382
2595  -149.13376
2600  -116.93443
2605  -119.01549
2610  -119.63808
2615  -115.628296
2620  -110.471886
2625  -109.60648
2630  -114.34475
2635  -110.818214
2640  -102.2296
2645  -107.866806
2650  -102.84648
2655  -95.43374
2660  -99.401245
2665  -103.66742
2670  -88.5663
2675  -87.08701
2680  -88.205284
2685  -76.98269
2690  -84.09824
2695  -81.46
2700  -86.96062
2705  -72.25716
2710  -80.95412
2715  -61.788963
2720  -67.07778
2725  -57.645355
2730  -62.898975
2735  -93.52417
2740  -67.07083
2745  -61.923817
2750  -61.644062
2755  -61.917427
2760  -58.511894
2765  -67.349144
2770  -54.27182
2775  -55.904846
2780  -52.135876
2785  -57.115273
2790  -53.65569
2795  -57.924675
2800  -45.75894
2805  -51.461708
2810  -42.561867
2815  -42.939407
2820  -43.815357
2825  -42.050617
2830  -31.08753
2835  -24.756208
2840  -30.532902
2845  -35.823433
2850  -32.701485
2855  -29.58482
2860  -30.75657
2865  -33.46799
2870  -24.04546
2875  -40.93723
2880  -34.447052
2885  -26.709747
2890  -35.57773
2895  -43.1982
2900  -24.896654
2905  -39.441395
2910  -38.986366
2915  -44.104042
2920  -31.951706
2925  -42.5358
2930  -34.33365
2935  -37.903152
2940  -34.35435
2945  -40.27746
2950  -32.485558
2955  -33.23277
2960  -38.178173
2965  -33.16393
2970  -40.07666
2975  -29.855457
2980  -24.211496
2985  -19.637184
2990  -27.69367
2995  -34.931587
3000  -38.437416
3005  -43.369755
3010  -33.034924
3015  -27.46703
3020  -25.716452
3025  -31.538889
3030  -19.93185
3035  -52.291077
3040  -36.60469
3045  -27.653706
3050  -9.120817
3055  -10.895208
3060  -19.065817
3065  -9.652272
3070  -9.827034
3075  -2.6522691
3080  -12.151012
3085  -7.68666
3090  -14.29344
3095  -10.478536
3100  -9.491122
3105  -10.870237
3110  -3.1314132
3115  -13.600962
3120  -18.635792
3125  -15.551065
3130  -11.462461
3135  -20.82346
3140  -31.33228
3145  -12.585299
3150  -13.366697
3155  -26.245533
3160  -19.023624
3165  -22.581722
3170  -16.647251
3175  -9.983458
3180  -35.269814
3185  -27.719105
3190  -53.465393
3195  -17.590918
3200  -28.866611
3205  -27.084986
3210  -41.55621
3215  -28.81074
3220  -41.98805
3225  -31.69454
3230  -24.172369
3235  -26.557566
3240  -13.276842
3245  -35.023438
3250  -59.139038
3255  -35.882847
3260  -29.29711
3265  -33.987324
3270  -28.151281
3275  -39.964275
3280  -34.729996
3285  -27.632038
3290  -38.076054
3295  -28.376871
3300  -28.714489
3305  -27.119152
3310  -31.941107
3315  -39.369705
3320  -40.869926
3325  -39.65716
3330  -25.33444
3335  -45.34866
3340  -21.51752
3345  -13.069078
3350  -30.817379
3355  -21.794584
3360  -12.628097
3365  5.2538342
3370  2.1497836
3375  -70.26595
3380  -146.26881
3385  -154.551
3390  -165.81415
3395  -152.99545
3400  -131.84161
3405  -145.26323
3410  -142.43484
3415  -179.55412
3420  -203.81282
3425  -154.42026
3430  -179.42836
3435  -172.6912
3440  -192.0157
3445  -153.91306
3450  -187.15114
3455  -186.95938
3460  -189.3988
3465  -214.1973
3470  -185.01598
3475  -179.04617
3480  -178.74718
3485  -164.83926
3490  -163.68689
3495  -183.39915
3500  -159.63754
3505  -186.09099
3510  -242.2397
3515  -247.55643
3520  -200.99911
3525  -187.86642
3530  -187.40974
3535  -152.55757
3540  -174.4396
3545  -168.3901
3550  -167.33212
3555  -169.82573
3560  -166.84966
3565  -194.33267
3570  -184.59555
3575  -202.30661
3580  -187.14572
3585  -182.68266
3590  -169.8134
3595  -195.33316
3600  -194.32841
3605  -205.45662
3610  -234.23264
3615  -222.34232
3620  -257.8653
3625  -263.30353
3630  -267.87332
3635  -246.18839
3640  -216.59067
3645  -260.34595
3650  -242.67705
3655  -235.88461
3660  -237.42647
3665  -190.11777
3670  -265.29172
3675  -243.439
3680  -214.88013
3685  -242.20918
3690  -203.49445
3695  -236.52519
3700  -190.70132
3705  -238.78902
3710  -161.9899
3715  -226.53044
3720  -253.17612
3725  -206.24365
3730  -222.50952
3735  -200.68945
3740  -217.7043
3745  -172.23894
3750  -165.83772
3755  -173.11697
3760  -191.7081
3765  -200.26358
3770  -181.82498
3775  -201.2868
3780  -183.47542
3785  -184.98709
3790  -176.84425
3795  -193.8253
3800  -180.6547
3805  -168.38681
3810  -148.34354
3815  -174.60922
3820  -152.7272
3825  -186.15962
3830  -176.91537
3835  -188.7002
3840  -205.11494
3845  -209.25049
3850  -231.08383
3855  -237.09026
3860  -234.03537
3865  -236.42387
3870  -250.31906
3875  -251.69934
3880  -247.63818
3885  -247.60217
3890  -248.78638
3895  -242.65215
3900  -250.05566
3905  -243.95801
3910  -251.23335
3915  -243.82455
3920  -229.39128
3925  -244.14062
3930  -231.2537
3935  -218.15298
3940  -220.21243
3945  -186.39949
3950  -193.81099
3955  -207.25276
3960  -212.6375
3965  -204.54506
3970  -208.22966
3975  -216.4668
3980  -210.67612
3985  -206.84468
3990  -209.04263
3995  -213.93484
4000  -222.40561
4005  -219.2487
4010  -210.83224
4015  -221.84485
4020  -202.8672
4025  -208.27373
4030  -212.04819
4035  -222.99687
4040  -209.18741
4045  -227.90459
4050  -226.12544
4055  -226.54883
4060  -197.43503
4065  -224.932
4070  -226.0815
4075  -216.16574
4080  -225.98843
4085  -228.31668
4090  -216.32634
4095  -239.67175
4100  -144.0029
4105  -120.64944
4110  -141.25368
4115  -170.0896
4120  -201.82922
4125  -155.47453
4130  -140.12497
4135  -165.82428
4140  -167.74199
4145  -164.97523
4150  -157.70488
4155  -184.43535
4160  -187.17603
4165  -186.06284
4170  -172.56741
4175  -178.39162
4180  -162.14279
4185  -152.95583
4190  -185.67734
4195  -141.3544
4200  -125.22587
4205  -145.45694
4210  -148.87347
4215  -145.45303
4220  -149.1099
4225  -144.19179
4230  -118.62297
4235  -143.7902
4240  -153.91772
4245  -122.20732
4250  -161.56161
4255  -139.97688
4260  -150.81119
4265  -143.84908
4270  -200.24757
4275  -129.2498
4280  -167.0824
4285  -146.12515
4290  -147.7294
4295  -151.64903
4300  -113.671776
4305  -127.80613
4310  -131.6701
4315  -128.41824
4320  -107.553
4325  -103.130714
4330  -105.00034
4335  -113.52112
4340  -103.466385
4345  -98.33887
4350  -104.262
4355  -126.693924
4360  -105.47689
4365  -105.550705
4370  -99.4108
4375  -94.41484
4380  -111.13424
4385  -88.63888
4390  -85.269196
4395  -86.996826
4400  -113.74907
4405  -66.624565
4410  -155.4098
4415  -110.33771
4420  -115.84955
4425  -101.33751
4430  -71.84651
4435  -96.31216
4440  -110.77865
4445  -128.40909
4450  -141.15086
4455  -126.87019
4460  -115.06262
4465  -110.32169
4470  -74.87393
4475  -135.2195
4480  -82.686676
4485  -89.561745
4490  -104.020065
4495  -112.65812
4500  -97.70497
4505  -95.286575
4510  -93.91941
4515  -146.88428
4520  -132.0065
4525  -61.355812
4530  -39.169487
4535  -80.262024
4540  -52.68334
4545  -77.00813
4550  -27.90776
4555  -50.999622
4560  -30.431011
4565  -46.038692
4570  -50.64276
4575  -22.307178
4580  -39.886787
4585  -47.05366
4590  -40.59008
4595  -96.287735
4600  -83.02199
4605  -23.78596
4610  -96.87479
4615  11.256003
4620  7.354552
4625  -2.6231232
4630  0.9340633
4635  5.5969877
4640  17.374823
4645  -10.337095
4650  0.30385056
4655  10.456348
4660  9.830733
4665  3.6116974
4670  -37.461967
4675  -1.7142826
4680  -0.66585827
4685  1.1766155
4690  -0.53496695
4695  3.0684931
4700  -0.17276601
4705  3.7358575
4710  4.173168
4715  8.203733
4720  5.51447
4725  11.771303
4730  12.632749
4735  15.843004
4740  6.903337
4745  6.0798283
4750  -13.452974
4755  3.3883624
4760  6.8890166
4765  1.3209112
4770  -2.7053704
4775  4.166688
4780  6.0775595
4785  2.117111
4790  3.4936764
4795  5.066163
4800  6.0912147
4805  4.700517
4810  19.060328
4815  10.316309
4820  13.9709835
4825  12.244627
4830  6.3590264
4835  8.696585
4840  16.230324
4845  15.460164
4850  17.679878
4855  -9.450261
4860  -34.89815
4865  -14.51164
4870  -42.05625
4875  16.309483
4880  8.3313875
4885  21.939604
4890  19.939224
4895  11.760847
4900  16.192623
4905  16.661951
4910  19.016384
4915  20.295012
4920  14.573858
4925  23.76855
4930  16.713108
4935  21.338684
4940  17.137112
4945  17.77753
4950  18.516027
4955  20.198706
4960  20.388474
4965  11.617094
4970  21.030626
4975  17.584578
4980  17.414906
4985  17.92686
4990  23.120932
4995  11.604233
5000  21.157864
5005  17.435648
5010  25.386135
5015  23.210733
5020  26.009863
5025  22.473
5030  22.003323
5035  23.815395
5040  27.420172
5045  27.458912
5050  27.581797
5055  23.848988
5060  29.10104
5065  28.834858
5070  24.206692
5075  26.564646
5080  22.26066
5085  17.84639
5090  20.42239
5095  21.112644
5100  18.107607
5105  26.537464
5110  17.7701
5115  19.854216
5120  23.362143
5125  27.677744
5130  23.513943
5135  20.75822
5140  25.079649
5145  19.511496
5150  26.190836
5155  -2.5374236
5160  19.984121
5165  27.592022
5170  23.2924
5175  27.782995
5180  19.59972
5185  25.759363
5190  20.055424
5195  28.3056
5200  23.949154
5205  13.700986
5210  24.700686
5215  28.399464
5220  22.347225
5225  21.494349
5230  32.21237
5235  30.05193
5240  28.198877
5245  30.291082
5250  41.605904
5255  30.926407
5260  38.527534
5265  35.566772
5270  30.28561
5275  34.979595
5280  29.501675
5285  28.905956
5290  39.399048
5295  30.951626
5300  33.02418
5305  35.92658
5310  39.81153
5315  39.30722
5320  27.818048
5325  23.57793
5330  42.564472
5335  35.11717
5340  35.827595
5345  33.699135
5350  24.490536
5355  32.709316
5360  -81.82127
5365  -145.0501
5370  -156.46062
5375  -145.57788
5380  -143.89465
5385  -155.24211
5390  -148.96751
5395  -123.397255
5400  -122.1992
5405  -135.60219
5410  -126.31618
5415  -128.33646
5420  -124.955734
5425  -138.42833
5430  -146.23236
5435  -126.16638
5440  -129.25102
5445  -133.41069
5450  -129.86966
5455  -109.84822
5460  -139.52515
5465  -141.90305
5470  -130.66019
5475  -143.34814
5480  -129.67758
5485  -131.99893
5490  -142.94627
5495  -143.05052
5500  -128.59602
5505  -157.46797
5510  -142.29677
5515  -145.594
5520  -165.20328
5525  -143.55876
5530  -150.92404
5535  -146.6265
5540  -152.71007
5545  -160.63434
5550  -167.25061
5555  -161.1987
5560  -154.13742
5565  -163.2463
5570  -170.36674
5575  -159.91924
5580  -161.36443
5585  -153.05655
5590  -166.45352
5595  -166.22235
5600  -159.94186
5605  -157.84872
5610  -159.10307
5615  -153.83817
5620  -148.13416
5625  -149.93005
5630  -163.39621
5635  -165.19835
5640  -161.01176
5645  -153.39279
5650  -160.48672
5655  -159.27397
5660  -160.1414
5665  -162.89726
5670  -164.10898
5675  -168.07614
5680  -150.49707
5685  -154.28134
5690  -159.37367
5695  -156.03917
5700  -164.251
5705  -152.39395
5710  -149.23709
5715  -158.97676
5720  -164.40103
5725  -148.78091
5730  -160.05649
5735  -158.30466
5740  -162.79326
5745  -154.70836
5750  -164.26361
5755  -164.96654
5760  -151.1464
5765  -146.01729
5770  -130.70496
5775  -148.40047
5780  -144.68063
5785  -148.1859
5790  -144.09705
5795  -135.81569
5800  -132.54846
5805  -141.2521
5810  -129.55002
5815  -136.84058
5820  -140.51851
5825  -127.46709
5830  -135.81023
5835  -126.447266
5840  -145.95882
5845  -139.16176
5850  -134.03299
5855  -111.59465
5860  -139.44449
5865  -137.80042
5870  -99.75629
5875  -126.222374
5880  -103.83087
5885  -101.30763
5890  -88.01326
5895  -101.2299
5900  -95.55177
5905  -98.75203
5910  -82.41557
5915  -108.78591
5920  -67.96057
5925  -93.03324
5930  -110.5782
5935  -93.64981
5940  -82.23389
5945  -96.90672
5950  -79.125404
5955  -115.13973
5960  -100.645164
5965  -112.61173
5970  -124.90361
5975  -107.25498
5980  -88.75985
5985  -119.63655
5990  -134.88107
5995  -111.16201
6000  -124.93799
6005  -118.81123
6010  -127.38002
6015  -143.81857
6020  -141.04153
6025  -135.4737
6030  -126.11465
6035  -124.18821
6040  -127.41024
6045  -140.59602
6050  -117.37065
6055  -117.14018
6060  -132.46468
6065  -129.9897
6070  -138.01259
6075  -147.27121
6080  -139.93929
6085  -157.32602
6090  -109.58638
6095  -118.73454
6100  -123.85527
6105  -123.015335
6110  -145.00394
6115  -137.35393
6120  -130.86884
6125  -133.63947
6130  -135.34546
6135  -151.16037
6140  -129.07239
6145  -120.109695
6150  -126.20418
6155  -137.26585
6160  -134.92027
6165  -145.76459
6170  -139.55795
6175  -143.62263
6180  -134.98746
6185  -105.88743
6190  -116.57091
6195  -125.90853
6200  -117.94004
6205  -105.717026
6210  -111.718605
6215  -112.49235
6220  -104.15105
6225  -106.72615
6230  -97.347015
6235  -85.87288
6240  -100.40883
6245  -102.66911
6250  -136.90372
6255  -107.169266
6260  -78.76615
6265  -106.87813
6270  -118.95024
6275  -120.01643
6280  -110.83113
6285  -105.53894
6290  -116.76782
6295  -86.95007
6300  -99.00118
6305  -71.05162
6310  -111.06356
6315  -115.962975
6320  -69.33332
6325  -63.884117
6330  -50.30902
6335  -41.583782
6340  -61.429344
6345  -62.668983
6350  -45.84385
6355  -49.012596
6360  -42.94268
6365  -23.756586
6370  -17.417883
6375  -31.479843
6380  -9.094717
6385  -15.708774
6390  -46.787094
6395  -85.144165
6400  -59.903587
6405  -26.876068
6410  -72.947845
6415  -47.32121
6420  -45.741604
6425  -61.358173
6430  -70.211845
6435  -43.171803
6440  -37.493156
6445  -15.490003
6450  -55.45106
6455  -36.64013
6460  -44.047234
6465  -6.9899826
6470  -23.708843
6475  -29.21605
6480  -52.96308
6485  -36.978634
6490  -16.627787
6495  -50.254448
6500  -70.35048
6505  -40.511086
6510  -15.350598
6515  -7.0451636
6520  -53.61004
6525  -38.728752
6530  -8.726557
6535  -39.385918
6540  -6.894221
6545  -57.701103
6550  -22.254847
6555  -51.301167
6560  -14.929761
6565  -53.943623
6570  -25.944576
6575  -22.558598
6580  -61.322975
6585  -19.849628
6590  -23.198872
6595  -20.76392
6600  -44.87598
6605  -5.372016
6610  -65.179245
6615  -68.57124
6620  -87.87913
6625  -7.2153654
6630  -56.011963
6635  -67.77297
6640  1.0641003
6645  -56.711365
6650  -88.71156
6655  -22.176624
6660  -39.22466
6665  -62.21327
6670  -28.42245
6675  -60.16436
6680  -45.154163
6685  -50.22987
6690  -96.41157
6695  -16.79745
6700  -58.333313
6705  -78.07905
6710  -63.69155
6715  -83.87911
6720  -105.38435
6725  -72.68149
6730  -110.42476
6735  -73.34337
6740  -87.515724
6745  -52.792004
6750  -81.88092
6755  -92.123215
6760  -15.109688
6765  -78.93483
6770  -16.58676
6775  -55.294365
6780  -56.85716
6785  -41.48629
6790  -49.47651
6795  -43.88753
6800  -47.702427
6805  -92.95831
6810  -40.240215
6815  -45.39699
6820  -40.743835
6825  2.9912999
6830  -14.454724
6835  -18.05017
6840  -86.44487
6845  -13.378668
6850  -28.77599
6855  -19.61489
6860  -11.959051
6865  -16.896679
6870  -34.82466
6875  -26.629404
6880  -9.106762
6885  -30.860361
6890  -28.934433
6895  -49.8516
6900  2.3328662
6905  -1.079902
6910  -5.9937577
6915  -2.6595147
6920  -4.249009
6925  -57.483967
6930  -28.375996
6935  -3.8473468
6940  -10.714444
6945  -15.644656
6950  -7.041262
6955  -15.83109
6960  9.6876
6965  -18.17322
6970  3.9946945
6975  -0.14394394
6980  -22.209131
6985  -24.704927
6990  4.401347
6995  12.045089
7000  -1.8194618
7005  -39.905495
7010  11.438684
7015  9.851345
7020  -42.170456
7025  9.175455
7030  16.171486
7035  11.090504
7040  -5.735221
7045  -34.759426
7050  14.627708
7055  -35.699966
7060  -14.326498
7065  0.6957657
7070  14.014409
7075  15.251407
7080  12.89516
7085  11.051741
7090  21.524273
7095  22.947489
7100  -1.9526895
7105  -18.088717
7110  -88.40259
7115  -5.097277
7120  -19.52748
7125  21.370037
7130  -40.746162
7135  -20.524801
7140  -9.323535
7145  -19.805906
7150  13.537552
7155  -8.653572
7160  -3.3324447
7165  -5.498198
7170  9.466394
7175  -30.652918
7180  -23.987814
7185  -8.755953
7190  -11.298185
7195  -13.475787
7200  -12.58285
7205  -19.280415
7210  -23.092226
7215  -27.545053
7220  -60.32777
7225  -4.44654
7230  0.4893921
7235  22.347652
7240  3.8768508
7245  -29.485235
7250  -19.594336
7255  -25.865025
7260  5.6709185
7265  9.627588
7270  17.707203
7275  14.863312
7280  36.567745
7285  -41.880646
7290  -4.1398544
7295  6.7177863
7300  -6.4888635
7305  3.2259383
7310  17.447191
7315  19.525434
7320  4.79225
7325  -17.009584
7330  -29.125172
7335  0.46925658
7340  -15.130615
7345  4.232223
7350  27.788172
7355  19.687061
7360  -21.933645
7365  4.497378
7370  -31.9307
7375  -17.571281
7380  -24.962614
7385  -5.1283307
7390  -24.130213
7395  24.276608
7400  -11.328301
7405  -49.928074
7410  -29.158283
7415  16.37833
7420  12.498183
7425  -40.053078
7430  -63.78249
7435  16.08335
7440  2.3837864
7445  -16.069082
7450  3.0211701
7455  3.7460563
7460  0.19967003
7465  -22.957396
7470  -59.640766
7475  -17.828812
7480  -15.297015
7485  8.153442
7490  -1.6685555
7495  20.575556
7500  -28.281528
7505  -13.060038
7510  17.274433
7515  3.5142632
7520  -24.131374
7525  1.0624832
7530  11.098318
7535  3.184196
7540  15.99472
7545  -12.823492
7550  -18.793941
7555  11.265352
7560  -5.590438
7565  4.870663
7570  -14.371847
7575  -1.8831875
7580  -53.21685
7585  1.8397589
7590  -17.7449
7595  -51.959167
7600  -12.094118
7605  12.002268
7610  -29.953552
7615  2.204797
7620  -6.445563
7625  -19.163267
7630  -7.913129
7635  -2.3066833
7640  -30.235157
7645  20.282663
7650  17.327429
7655  -3.5015023
7660  28.323223
7665  13.614566
7670  -30.860748
7675  -23.796007
7680  12.177556
7685  -3.895183
7690  -12.975461
7695  -13.846708
7700  22.917677
7705  -1.6671425
7710  6.819092
7715  20.919434
7720  9.97542
7725  -7.0065765
7730  -2.125129
7735  13.248263
7740  -13.083887
7745  -52.865437
7750  -97.63627
7755  -77.387344
7760  -101.62779
7765  -98.43603
7770  -82.57207
7775  -73.185776
7780  -113.821976
7785  -116.558304
7790  -105.2067
7795  -61.00885
7800  -102.52744
7805  -56.48402
7810  -85.22785
7815  -87.13825
7820  -101.94975
7825  -105.156784
7830  -122.57639
7835  -96.54323
7840  -88.13356
7845  -118.893005
7850  -128.4847
7855  -121.99009
7860  -108.83982
7865  -117.774704
7870  -110.624146
7875  -122.865036
7880  -123.61717
7885  -139.44125
7890  -122.45396
7895  -130.03967
7900  -130.6224
7905  -133.4114
7910  -143.131
7915  -163.24059
7920  -135.63893
7925  -152.27806
7930  -160.29756
7935  -166.39914
7940  -131.404
7945  -147.12549
7950  -164.91068
7955  -158.39767
7960  -131.2012
7965  -144.94081
7970  -150.98242
7975  -134.14784
7980  -113.18164
7985  -108.39867
7990  -109.746155
7995  -126.36283
8000  -106.56929
8005  -98.27088
8010  -116.5616
8015  -128.65167
8020  -115.201584
8025  -125.8137
8030  -128.07954
8035  -165.91771
8040  -96.77971
8045  -160.91537
8050  -129.41232
8055  -126.196335
8060  -105.991356
8065  -113.499146
8070  -111.23214
8075  -71.655334
8080  -78.26524
8085  -62.644753
8090  -76.4052
8095  -92.17389
8100  -120.81254
8105  -99.58894
8110  -67.106384
8115  -93.90434
8120  -88.34662
8125  -86.20122
8130  -99.73805
8135  -77.79214
8140  -54.2772
8145  -72.607956
8150  -69.55819
8155  -86.174225
8160  -64.870964
8165  -67.721695
8170  -84.98088
8175  -57.860527
8180  -81.4007
8185  -69.59839
8190  -71.30168
8195  -52.622314
8200  -52.082863
8205  -59.91726
8210  -74.12638
8215  -101.17715
8220  -53.45527
8225  -54.9741
8230  -89.82887
8235  -89.63819
8240  -72.96017
8245  -67.12102
8250  -38.519947
8255  -80.52614
8260  -114.18034
8265  -71.405045
8270  -62.56239
8275  -58.268578
8280  -80.44209
8285  -102.548096
8290  -65.510864
8295  -60.935844
8300  -83.073044
8305  -111.38739
8310  -92.020424
8315  -94.15441
8320  -38.700523
8325  -71.21021
8330  -41.090935
8335  -74.46853
8340  -67.85292
8345  -93.475784
8350  -71.24729
8355  -84.46187
8360  -93.01232
8365  -52.462227
8370  -86.16303
8375  -60.228638
8380  -57.92829
8385  -50.406635
8390  -65.818214
8395  -85.96248
8400  -62.04889
8405  -48.81502
8410  -65.16883
8415  -70.47439
8420  -38.7097
8425  -66.04732
8430  -93.6884
8435  -104.256935
8440  -49.540703
8445  -86.58154
8450  -60.22984
8455  -66.07439
8460  -50.077522
8465  -61.373707
8470  -91.438675
8475  -100.803566
8480  -95.3347
8485  -69.292244
8490  -75.74677
8495  -80.23866
8500  -89.84276
8505  -99.099686
8510  -102.42827
8515  -129.19745
8520  -75.035446
8525  -73.11152
8530  -77.97986
8535  -69.73626
8540  -95.990944
8545  -71.98344
8550  -61.44859
8555  -65.23898
8560  -63.11026
8565  -74.71835
8570  -60.68754
8575  -42.286266
8580  -26.427597
8585  -105.513596
8590  -61.8283
8595  -112.572754
8600  -78.250496
8605  -78.32051
8610  -50.429718
8615  -59.221077
8620  -39.42379
8625  -23.190924
8630  -74.612144
8635  -56.86158
8640  -56.007843
8645  -56.59849
8650  -71.188034
8655  -77.26566
8660  -64.774574
8665  -70.49418
8670  -92.29758
8675  -96.90076
8680  -7.171584
8685  -36.733932
8690  -83.317116
8695  -31.49726
8700  -86.48977
8705  -76.78614
8710  -71.60044
8715  -51.26414
8720  -57.481377
8725  -77.34081
8730  -43.924572
8735  -51.86018
8740  -62.514965
8745  -53.54006
8750  -50.793312
8755  -34.11023
8760  -88.67963
8765  -71.89232
8770  -65.60597
8775  -76.0283
8780  -63.977562
8785  -55.355537
8790  -46.472267
8795  -40.661633
8800  -74.95361
8805  -50.047615
8810  -53.597828
8815  -30.375538
8820  -69.312904
8825  -66.898705
8830  -49.615227
8835  -91.698746
8840  -84.643234
8845  -112.41166
8850  -142.02249
8855  -151.75981
8860  -145.80324
8865  -132.14182
8870  -136.16505
8875  -129.38281
8880  -149.11366
8885  -135.75479
8890  -148.6647
8895  -123.658
8900  -118.83864
8905  -127.7404
8910  -134.1451
8915  -134.35286
8920  -147.87483
8925  -145.9222
8930  -130.95969
8935  -133.45885
8940  -138.29753
8945  -138.19058
8950  -127.508224
8955  -125.70339
8960  -122.36287
8965  -140.22665
8970  -148.61902
8975  -139.85065
8980  -145.91502
8985  -125.41499
8990  -137.52055
8995  -148.31721
9000  -128.47726
9005  -120.52708
9010  -154.77922
9015  -129.03131
9020  -138.98387
9025  -135.74675
9030  -154.50917
9035  -141.80856
9040  -134.6209
9045  -124.830734
9050  -99.864876
9055  -130.34966
9060  -111.08962
9065  -141.45895
9070  -107.034874
9075  -98.33416
9080  -113.90133
9085  -140.4043
9090  -149.16153
9095  -117.6801
9100  -101.35802
9105  -115.49558
9110  -128.76161
9115  -108.96106
9120  -117.00149
9125  -97.734856
9130  -154.56133
9135  -103.749535
9140  -118.77327
9145  -106.11233
9150  -126.09398
9155  -121.28184
9160  -118.21489
9165  -99.86434
9170  -103.75907
9175  -147.41539
9180  -112.436
9185  -102.78569
9190  -119.612625
9195  -104.98561
9200  -127.72896
9205  -108.974045
9210  -122.60152
9215  -119.6458
9220  -130.72159
9225  -149.04001
9230  -97.410446
9235  -139.14136
9240  -104.43756
9245  -89.99585
9250  -117.02913
9255  -136.62402
9260  -114.23773
9265  -132.73799
9270  -133.99419
9275  -112.22856
9280  -103.48332
9285  -104.83734
9290  -138.7922
9295  -115.58175
9300  -94.273445
9305  -116.27026
9310  -133.79254
9315  -125.09438
9320  -93.83808
9325  -104.14107
9330  -117.14359
9335  -97.00664
9340  -77.18207
9345  -103.68074
9350  -101.15301
9355  -78.83728
9360  -56.44021
9365  -61.36338
9370  -81.40725
9375  -80.7135
9380  -112.15889
9385  -101.380356
9390  -101.76933
9395  -81.90689
9400  -66.94652
9405  -113.75234
9410  -87.77468
9415  -97.991425
9420  -69.219574
9425  -93.30987
9430  -72.58228
9435  -66.56194
9440  -99.02945
9445  -100.72324
9450  -111.61442
9455  -116.056114
9460  -93.32826
9465  -94.21903
9470  -117.36116
9475  -70.37518
9480  -61.073902
9485  -116.888016
9490  -84.30359
9495  -79.14296
9500  -92.3524
9505  -76.89015
9510  -73.9463
9515  -90.224495
9520  -88.80306
9525  -112.291565
9530  -99.94508
9535  -97.558426
9540  -95.80776
9545  -92.79324
9550  -97.50511
9555  -59.156822
9560  -41.478313
9565  -112.47102
9570  -93.79735
9575  -83.07204
9580  -118.32461
9585  -97.06395
9590  -104.06956
9595  -102.410416
9600  -33.6279
9605  -72.84116
9610  -99.63072
9615  -94.58356
9620  -119.30907
9625  -76.27213
9630  -87.91563
9635  -58.980858
9640  -79.6713
9645  -92.089195
9650  -38.16867
9655  -82.57445
9660  -51.982292
9665  -87.88991
9670  -93.988174
9675  -77.29575
9680  -85.82851
9685  -72.92486
9690  -97.003075
9695  -83.47408
9700  -87.62838
9705  -80.11922
9710  -87.94285
9715  -85.35185
9720  -70.7699
9725  -60.8097
9730  -87.56831
9735  -33.04821
9740  -78.36121
9745  -56.704266
9750  -51.197113
9755  -89.85981
9760  -98.24736
9765  -59.650757
9770  -92.83742
9775  -111.3217
9780  -115.21776
9785  -70.223495
9790  -75.55052
9795  -104.55086
9800  -58.68037
9805  -76.83098
9810  -55.660145
9815  -82.1673
9820  -105.64006
9825  -63.084435
9830  -112.93711
9835  -55.121014
9840  -96.72026
9845  -95.16057
9850  -99.71332
9855  -36.020542
9860  -76.71853
9865  -79.8694
9870  -101.12755
9875  -80.30592
9880  -100.794174
9885  -49.831448
9890  -71.8225
9895  -52.62915
9900  -137.08528
9905  -70.05501
9910  -128.10257
9915  -93.29136
9920  -95.228676
9925  -91.84229
9930  -118.26308
9935  -83.87778
9940  -97.684494
9945  -86.46697
9950  -70.925674
9955  -89.72649
9960  -74.28304
9965  -89.47148
9970  -69.2826
9975  -82.71746
9980  -44.465355
9985  -101.66421
9990  -57.967213
9995  -56.87848
10000  -101.57995
10005  -51.65116
10010  -76.08055
10015  -44.736774
10020  -109.145706
10025  -86.498695
10030  -62.908722
10035  -66.820786
10040  -72.6484
10045  -53.848896
10050  -47.75754
10055  -78.4282
10060  -43.00388
10065  -59.07464
10070  -83.53082
10075  -79.86481
10080  -54.039856
10085  -92.22858
10090  -47.698498
10095  -109.69592
10100  -78.73213
10105  -64.05835
10110  -72.91858
10115  -114.67116
10120  -107.431274
10125  -99.13008
10130  -93.246864
10135  -85.03316
10140  -51.5796
10145  -71.91669
10150  -77.73277
10155  -81.9
10160  -80.07506
10165  -40.54254
10170  -97.498886
10175  -124.73348
10180  -79.65035
10185  -56.887306
10190  -84.4648
10195  -86.75803
10200  -71.32263
10205  -71.37935
10210  -127.31169
10215  -92.477036
10220  -123.41724
10225  -141.97926
10230  -93.145485
10235  -123.40108
10240  -121.40608
10245  -85.82739
10250  -126.16091
10255  -95.916
10260  -110.40855
10265  -91.046364
10270  -136.55542
10275  -109.71626
10280  -87.24034
10285  -130.54465
10290  -112.55505
10295  -110.67871
10300  -136.46536
10305  -123.571304
10310  -116.682396
10315  -115.410416
10320  -88.93518
10325  -96.228195
10330  -136.10594
10335  -131.02902
10340  -127.44997
10345  -124.593
10350  -127.652916
10355  -132.44041
10360  -98.333145
10365  -101.9489
10370  -84.260445
10375  -97.04911
10380  -101.51051
10385  -126.69956
10390  -116.49774
10395  -125.50022
10400  -109.56427
10405  -128.55862
10410  -127.34984
10415  -127.498474
10420  -129.52242
10425  -136.31319
10430  -134.3734
10435  -123.898056
10440  -132.8306
10445  -115.78546
10450  -124.12205
10455  -122.93453
10460  -108.6015
10465  -122.49296
10470  -104.925964
10475  -139.45164
10480  -103.362206
10485  -116.81038
10490  -115.55729
10495  -102.49812
10500  -120.53316
10505  -119.800514
10510  -108.778946
10515  -100.65438
10520  -106.135254
10525  -134.0416
10530  -104.7664
10535  -111.551895
10540  -141.28537
10545  -122.831894
10550  -114.30467
10555  -116.918434
10560  -105.9384
10565  -119.50112
10570  -112.086716
10575  -110.87309
10580  -155.92297
10585  -149.66357
10590  -158.86604
10595  -155.65462
10600  -169.96686
10605  -160.30624
10610  -153.74876
10615  -152.89853
10620  -178.44028
10625  -140.40219
10630  -125.912636
10635  -155.29083
10640  -150.3257
10645  -157.68716
10650  -147.33658
10655  -153.14511
10660  -155.29443
10665  -139.65398
10670  -130.9531
10675  -159.51445
10680  -123.88059
10685  -149.76457
10690  -130.97427
10695  -180.9918
10700  -186.4557
10705  -160.65134
10710  -160.73343
10715  -190.07375
10720  -185.61777
10725  -164.65794
10730  -134.20554
10735  -143.94168
10740  -172.70865
10745  -133.02266
10750  -139.49272
10755  -135.13747
10760  -167.28824
10765  -120.525856
10770  -181.35286
10775  -131.039
10780  -159.19241
10785  -182.1207
10790  -120.37688
10795  -146.20628
10800  -153.13136
10805  -132.84108
10810  -142.60132
10815  -119.85274
10820  -116.114395
10825  -188.88124
10830  -100.96957
10835  -146.76418
10840  -133.81038
10845  -140.74985
10850  -169.51297
10855  -150.85374
10860  -105.51921
10865  -145.61421
10870  -145.04842
10875  -150.62953
10880  -120.53044
10885  -136.69937
10890  -119.67128
10895  -147.18181
10900  -108.48997
10905  -113.23832
10910  -146.39795
10915  -147.45862
10920  -161.93279
10925  -144.52847
10930  -161.63062
10935  -127.438
10940  -133.61809
10945  -170.84781
10950  -159.59053
10955  -136.86075
10960  -115.0341
10965  -165.56271
10970  -132.1205
10975  -174.78314
10980  -196.05765
10985  -191.40283
10990  -152.22429
10995  -159.37593
11000  -184.57036
11005  -150.24026
11010  -157.04503
11015  -171.17365
11020  -183.59514
11025  -199.83867
11030  -162.83487
11035  -192.24466
11040  -220.76743
11045  -206.87927
11050  -179.58728
11055  -187.23195
11060  -197.79068
11065  -164.55098
11070  -164.73482
11075  -168.00354
11080  -182.38614
11085  -167.11328
11090  -206.27917
11095  -191.16943
11100  -192.49606
11105  -161.91852
11110  -178.60393
11115  -172.99844
11120  -183.1164
11125  -176.80936
11130  -137.27261
11135  -139.57822
11140  -146.96912
11145  -139.86565
11150  -128.72458
11155  -144.44249
11160  -156.97475
11165  -138.89523
11170  -135.94809
11175  -154.3721
11180  -138.95761
11185  -142.2393
11190  -158.65308
11195  -133.9249
11200  -136.83456
11205  -135.85654
11210  -140.20047
11215  -133.96568
11220  -133.71829
11225  -135.43338
11230  -122.964195
11235  -109.01918
11240  -114.47848
11245  -110.88745
11250  -113.535034
11255  -125.98794
11260  -120.26664
11265  -110.75232
11270  -104.93144
11275  -124.52063
11280  -102.99033
11285  -109.06466
11290  -110.32182
11295  -117.766884
11300  -116.939964
11305  -113.483475
11310  -107.44847
11315  -102.27903
11320  -108.17086
11325  -108.00917
11330  -114.057274
11335  -118.62307
11340  -104.151695
11345  -117.31826
11350  -117.1479
11355  -122.30629
11360  -105.55227
11365  -108.45164
11370  -124.99923
11375  -120.44607
11380  -123.02263
11385  -109.77881
11390  -135.76575
11395  -125.20658
11400  -128.8594
11405  -99.90171
11410  -102.49495
11415  -130.23616
11420  -109.44978
11425  -132.24283
11430  -143.23233
11435  -109.152245
11440  -128.79793
11445  -116.51011
11450  -119.357506
11455  -118.96831
11460  -123.5724
11465  -126.656906
11470  -147.80875
11475  -141.5678
11480  -128.62064
11485  -132.84628
11490  -124.61472
11495  -130.57724
11500  -147.31458
11505  -143.96646
11510  -118.57733
11515  -124.07638
11520  -140.74174
11525  -134.54434
11530  -135.49387
11535  -124.20386
11540  -119.246506
11545  -138.39798
11550  -113.49109
11555  -128.9058
11560  -114.48936
11565  -109.52738
11570  -110.730515
11575  -180.80692
11580  -132.9927
11585  -123.69377
11590  -131.03787
11595  -114.59457
11600  -117.42366
11605  -129.84604
11610  -116.92493
11615  -122.77334
11620  -136.13834
11625  -107.3622
11630  -161.2974
11635  -119.87782
11640  -111.962685
11645  -125.055984
11650  -117.374466
11655  -113.96443
11660  -134.02563
11665  -124.451126
11670  -117.64172
11675  -116.80611
11680  -93.956696
11685  -129.12883
11690  -84.98555
11695  -149.4994
11700  -131.33585
11705  -173.19102
11710  -113.271164
11715  -95.363205
11720  -98.136246
11725  -112.36128
11730  -108.30184
11735  -137.39867
11740  -97.3405
11745  -90.48513
11750  -121.12236
11755  -120.02374
11760  -129.18097
11765  -137.698
11770  -109.460594
11775  -112.80886
11780  -117.15908
11785  -114.94911
11790  -151.98845
11795  -121.42139
11800  -120.843094
11805  -126.323746
11810  -132.75058
11815  -135.39175
11820  -136.4931
11825  -135.6986
11830  -141.22644
11835  -148.48865
11840  -168.61636
11845  -175.99142
11850  -176.15591
11855  -176.7084
11860  -175.8434
11865  -176.2298
11870  -175.79903
11875  -175.72598
11880  -175.35603
11885  -176.43526
11890  -175.20943
11895  -175.90968
11900  -176.1042
11905  -176.83742
11910  -176.43701
11915  -176.29158
11920  -176.8284
11925  -176.01755
11930  -176.54378
11935  -176.57619
11940  -175.57898
11945  -176.19254
11950  -175.4754
11955  -175.84026
11960  -176.14436
11965  -176.3518
11970  -175.90091
11975  -176.48318
11980  -175.33871
11985  -175.85547
11990  -176.35005
11995  -175.17801
12000  -175.62431
12005  -176.09987
12010  -176.07553
12015  -176.17087
12020  -175.91324
12025  -174.94115
12030  -175.60332
12035  -175.50624
12040  -174.37851
12045  -176.63202
12050  -175.56767
12055  -176.61768
12060  -174.89656
12065  -176.63193
12070  -175.75064
12075  -176.55386
12080  -175.15237
12085  -174.87537
12090  -174.707
12095  -175.50554
12100  -176.1155
12105  -174.99348
12110  -176.12003
12115  -175.9949
12120  -176.27182
12125  -175.01767
12130  -175.31613
12135  -175.69809
12140  -175.19658
12145  -176.24727
12150  -174.90158
12155  -174.43259
12160  -176.28673
12165  -176.21745
12170  -174.72678
12175  -175.61768
12180  -176.39389
12185  -175.5638
12190  -173.49492
12195  -175.49962
12200  -175.16534
12205  -174.52469
12210  -174.48071
12215  -175.96255
12220  -175.89613
12225  -175.8183
12230  -175.03983
12235  -174.83833
12240  -175.53976
12245  -176.57909
12250  -176.88087
12255  -174.55511
12260  -174.68295
12265  -175.26181
12270  -175.9028
12275  -175.0717
12280  -176.40176
12285  -175.64148
12290  -174.78087
12295  -175.75728
12300  -175.42294
12305  -175.16582
12310  -175.27446
12315  -175.95212
12320  -175.54395
12325  -175.0043
12330  -175.05705
12335  -174.99377
12340  -175.75223
12345  -175.64551
12350  -175.26726
12355  -175.3557
12360  -175.85461
12365  -176.29839
12370  -176.3677
12375  -174.55794
12380  -175.53159
12385  -176.05481
12390  -176.3023
12395  -176.38687
12400  -175.91287
12405  -175.97243
12410  -176.3243
12415  -175.8973
12420  -177.15805
12425  -175.30785
12430  -175.41727
12435  -175.2682
12440  -175.66904
12445  -175.00049
12450  -175.8739
12455  -176.1077
12460  -175.61536
12465  -175.04727
12470  -175.5687
12475  -175.72977
12480  -175.71149
12485  -176.9017
12490  -176.7037
12495  -174.2072
12500  -175.34554
12505  -175.12675
12510  -174.1611
12515  -174.48322
12520  -174.96188
12525  -173.77426
12530  -174.58034
12535  -173.40099
12540  -174.53479
12545  -172.31094
12550  -173.8511
12555  -174.82132
12560  -173.61624
12565  -172.35971
12570  -173.87846
12575  -174.70956
12580  -171.63985
12585  -172.78137
12590  -175.71889
12595  -172.63467
12600  -172.80724
12605  -176.1003
12610  -173.05568
12615  -173.67453
12620  -171.35782
12625  -172.89664
12630  -172.33076
12635  -173.6122
12640  -174.01299
12645  -172.03125
12650  -173.19484
12655  -174.90585
12660  -174.03003
12665  -173.90207
12670  -172.49655
12675  -171.86777
12680  -173.09761
12685  -175.7604
12690  -175.7185
12695  -170.37277
12700  -175.03159
12705  -173.18144
12710  -173.58093
12715  -172.16743
12720  -170.53398
12725  -172.62271
12730  -172.61174
12735  -173.4634
12740  -171.34784
12745  -171.62471
12750  -171.98697
12755  -171.09624
12760  -171.83723
12765  -172.59207
12770  -173.49734
12775  -173.66391
12780  -172.57889
12785  -171.48567
12790  -170.90073
12795  -170.69366
12800  -172.7648
12805  -172.79381
12810  -170.5065
12815  -173.31392
12820  -172.15916
12825  -169.31894
12830  -172.40575
12835  -171.43852
12840  -173.23544
12845  -171.12183
12850  -174.26974
12855  -173.20963
12860  -173.99715
12865  -172.38315
12870  -171.32445
12875  -172.22346
12880  -173.91577
12885  -172.45332
12890  -169.83926
12895  -172.66873
12900  -173.45602
12905  -171.41441
12910  -164.77316
12915  -171.13364
12920  -172.55615
12925  -173.90237
12930  -174.65619
12935  -171.56174
12940  -172.9863
12945  -174.23495
12950  -172.55356
12955  -171.26257
12960  -169.85414
12965  -165.48418
12970  -171.29782
12975  -167.30826
12980  -171.97375
12985  -173.8356
12990  -168.79108
12995  -166.80173
13000  -170.27066
13005  -175.57101
13010  -175.07321
13015  -174.90735
13020  -174.76201
13025  -168.85057
13030  -172.0094
13035  -171.44229
13040  -166.76671
13045  -170.71793
13050  -169.48944
13055  -170.69853
13060  -166.7734
13065  -169.84082
13070  -172.71382
13075  -163.90436
13080  -164.63336
13085  -167.62637
13090  -166.90071
13095  -165.95248
13100  -167.4237
13105  -168.08777
13110  -171.01175
13115  -168.01154
13120  -165.8121
13125  -165.97888
13130  -168.5693
13135  -166.69455
13140  -168.57178
13145  -168.08238
13150  -169.51794
13155  -167.72281
13160  -166.31813
13165  -168.61252
13170  -171.96854
13175  -172.25487
13180  -169.75644
13185  -169.08376
13190  -168.53459
13195  -167.13605
13200  -167.67847
13205  -172.0422
13210  -165.6658
13215  -170.33136
13220  -169.35081
13225  -164.93364
13230  -166.31914
13235  -165.99667
13240  -167.85483
13245  -170.13358
13250  -170.9136
13255  -170.68222
13260  -169.5672
13265  -165.71426
13270  -170.17352
13275  -172.06093
13280  -169.92557
13285  -169.42651
13290  -171.10905
13295  -169.07965
13300  -169.56403
13305  -168.09402
13310  -173.51958
13315  -173.04497
13320  -166.28185
13325  -168.34555
13330  -167.85507
13335  -170.49986
13340  -167.54391
13345  -170.98468
13350  -171.98735
13355  -168.73714
13360  -169.45535
13365  -174.8781
13370  -174.31949
13375  -173.72847
13380  -175.24411
13385  -176.58247
13390  -174.90472
13395  -176.37108
13400  -176.837
13405  -175.33148
13410  -175.55905
13415  -173.92822
13420  -176.27539
13425  -174.56104
13430  -173.78006
13435  -173.83406
13440  -174.57458
13445  -174.79388
13450  -175.06268
13455  -176.59038
13460  -173.50679
13465  -174.62515
13470  -175.09457
13475  -173.96985
13480  -175.28857
13485  -173.57086
13490  -174.56828
13495  -173.56088
13500  -174.69879
13505  -173.96977
13510  -174.01816
13515  -175.9347
13520  -175.11734
13525  -175.74464
13530  -173.82297
13535  -175.7859
13540  -174.62936
13545  -172.5611
13550  -170.15585
13555  -155.73575
13560  -148.96622
13565  -150.96036
13570  -150.26877
13575  -152.11458
13580  -150.97969
13585  -150.80948
13590  -154.78235
13595  -151.16934
13600  -151.62207
13605  -150.3149
13610  -150.15454
13615  -153.2634
13620  -152.48843
13625  -151.61964
13630  -150.78622
13635  -151.06448
13640  -152.18562
13645  -150.31277
13650  -147.82175
13655  -146.84428
13660  -149.18523
13665  -150.05875
13670  -146.57161
13675  -148.18674
13680  -148.26498
13685  -148.08727
13690  -150.00653
13695  -146.94206
13700  -147.12688
13705  -145.32945
13710  -148.41653
13715  -148.08427
13720  -144.4263
13725  -144.2523
13730  -144.09885
13735  -143.21172
13740  -146.45036
13745  -145.77138
13750  -143.74155
13755  -143.56892
13760  -144.02518
13765  -146.08958
13770  -142.80302
13775  -142.79161
13780  -142.71323
13785  -141.40765
13790  -143.15787
13795  -142.6925
13800  -141.87637
13805  -139.64413
13810  -138.58499
13815  -144.24106
13820  -141.34058
13825  -139.12128
13830  -134.88762
13835  -141.47359
13840  -134.02055
13845  -139.89413
13850  -135.204
13855  -138.99332
13860  -135.4687
13865  -135.36926
13870  -135.06296
13875  -133.07181
13880  -137.98326
13885  -136.24484
13890  -134.24414
13895  -134.5435
13900  -134.4752
13905  -133.50162
13910  -133.93808
13915  -132.49507
13920  -132.56392
13925  -133.12788
13930  -131.61897
13935  -130.98965
13940  -133.05309
13945  -130.20526
13950  -123.454544
13955  -128.92036
13960  -126.89494
13965  -124.37709
13970  -128.92934
13975  -126.3745
13980  -124.13389
13985  -128.9093
13990  -130.17752
13995  -121.992966
14000  -120.47339
14005  -125.20089
14010  -120.65291
14015  -121.125755
14020  -127.516785
14025  -127.355934
14030  -128.07906
14035  -117.950294
14040  -120.95591
14045  -122.68733
14050  -124.19989
14055  -128.06512
14060  -120.34695
14065  -124.99779
14070  -122.02122
14075  -124.53904
14080  -122.67385
14085  -123.840836
14090  -122.39596
14095  -121.447525
14100  -118.07284
14105  -120.229355
14110  -117.56899
14115  -119.00448
14120  -114.06008
14125  -118.40224
14130  -114.7709
14135  -116.7097
14140  -121.385254
14145  -121.96008
14150  -113.445656
14155  -118.79689
14160  -111.50346
14165  -116.77895
14170  -113.081276
14175  -119.30355
14180  -111.36411
14185  -112.58954
14190  -109.56288
14195  -109.51974
14200  -106.58572
14205  -115.14089
14210  -109.66235
14215  -105.20754
14220  -112.47595
14225  -114.063675
14230  -113.218124
14235  -109.91233
14240  -108.46254
14245  -109.480125
14250  -110.32314
14255  -119.530014
14260  -118.45386
14265  -111.55973
14270  -111.457054
14275  -115.62881
14280  -110.854675
14285  -113.862595
14290  -109.745705
14295  -118.18709
14300  -119.10091
14305  -109.438675
14310  -106.81779
14315  -116.45708
14320  -113.70217
14325  -110.360855
14330  -111.61151
14335  -107.534035
14340  -107.752
14345  -108.46024
14350  -107.90609
14355  -108.769516
14360  -100.977455
14365  -103.11064
14370  -109.089035
14375  -98.17543
14380  -105.52108
14385  -101.92211
14390  -105.65138
14395  -109.417725
14400  -106.04057
14405  -116.73126
14410  -98.481064
14415  -108.11229
14420  -107.182106
14425  -104.66477
14430  -103.61311
14435  -103.57961
14440  -97.91574
14445  -105.412254
14450  -106.02822
14455  -104.17311
14460  -104.75175
14465  -101.65761
14470  -106.07466
14475  -99.85228
14480  -97.616295
14485  -101.51599
14490  -100.676
14495  -98.14797
14500  -100.49898
14505  -98.008705
14510  -95.83417
14515  -104.25497
14520  -100.09627
14525  -97.2323
14530  -89.4012
14535  -100.212746
14540  -95.75283
14545  -108.8787
14550  -112.08225
14555  -123.23472
14560  -145.60812
14565  -149.0536
14570  -147.40771
14575  -152.41235
14580  -145.94182
14585  -152.19745
14590  -152.40762
14595  -157.8628
14600  -146.49019
14605  -153.88382
14610  -145.68358
14615  -147.8433
14620  -152.82225
14625  -140.64641
14630  -143.74821
14635  -139.29663
14640  -141.92004
14645  -143.47432
14650  -149.77422
14655  -144.11752
14660  -141.7539
14665  -150.19003
14670  -143.01486
14675  -142.06656
14680  -142.61243
14685  -136.15959
14690  -137.96768
14695  -138.43826
14700  -141.04819
14705  -136.13065
14710  -136.66837
14715  -139.71378
14720  -131.55235
14725  -135.33926
14730  -141.82819
14735  -135.51694
14740  -140.5384
14745  -145.24393
14750  -144.97466
14755  -140.97304
14760  -143.4019
14765  -142.7062
14770  -141.01164
14775  -136.01747
14780  -140.22702
14785  -141.0313
14790  -142.16353
14795  -140.7363
14800  -143.7481
14805  -142.10086
14810  -136.05374
14815  -146.73418
14820  -140.3346
14825  -143.30496
14830  -144.22903
14835  -142.18489
14840  -140.19872
14845  -141.096
14850  -135.26471
14855  -138.4369
14860  -136.55734
14865  -141.23972
14870  -138.13045
14875  -135.1209
14880  -143.12112
14885  -134.79745
14890  -138.46207
14895  -135.14171
14900  -134.60875
14905  -142.57486
14910  -134.23152
14915  -137.64624
14920  -137.36911
14925  -135.54553
14930  -137.16696
14935  -132.95793
14940  -142.49332
14945  -142.09337
14950  -135.64836
14955  -139.24399
14960  -132.7598
14965  -130.83755
14970  -129.52817
14975  -134.55806
14980  -132.20616
14985  -133.42256
14990  -134.79813
14995  -133.43808
15000  -130.65504
15005  -134.16342
15010  -135.85847
15015  -130.92432
15020  -136.14139
15025  -128.74565
15030  -131.32285
15035  -129.61716
15040  -131.08994
15045  -132.71121
15050  -131.27774
15055  -122.76145
15060  -130.80054
15065  -131.70683
15070  -126.51333
15075  -127.379295
15080  -132.32487
15085  -126.3407
15090  -136.7473
15095  -127.30968
15100  -127.20491
15105  -131.59158
15110  -126.78987
15115  -133.28625
15120  -136.90344
15125  -129.27922
15130  -131.28378
15135  -130.18387
15140  -129.08405
15145  -115.47136
15150  -122.679054
15155  -127.787
15160  -127.63324
15165  -123.10298
15170  -128.89497
15175  -119.40269
15180  -128.3929
15185  -127.0781
15190  -120.57585
15195  -124.649574
15200  -134.34036
15205  -128.02512
15210  -127.57847
15215  -119.6299
15220  -131.57852
15225  -121.378075
15230  -124.91372
15235  -127.57654
15240  -122.732445
15245  -118.71599
15250  -129.0938
15255  -122.26247
15260  -126.007484
15265  -129.53061
15270  -138.6746
15275  -133.91492
15280  -126.54354
15285  -128.96333
15290  -121.46083
15295  -121.22737
15300  -130.30853
15305  -126.7228
15310  -121.42533
15315  -128.62529
15320  -127.80599
15325  -128.98257
15330  -120.444725
15335  -127.543846
15340  -128.60039
15345  -124.81714
15350  -131.01785
15355  -127.906296
15360  -120.83205
15365  -124.27574
15370  -119.17393
15375  -129.80637
15380  -120.35332
15385  -119.95061
15390  -127.19828
15395  -119.823524
15400  -117.52647
15405  -125.7444
15410  -125.23679
15415  -125.6566
15420  -131.47942
15425  -123.3999
15430  -117.12643
15435  -126.33516
15440  -119.4115
15445  -129.97604
15450  -123.139206
15455  -121.45264
15460  -123.79797
15465  -123.19701
15470  -129.47816
15475  -131.95416
15480  -126.17851
15485  -131.40825
15490  -128.56108
15495  -124.27821
15500  -129.21053
15505  -121.15391
15510  -128.9512
15515  -133.31812
15520  -129.47285
15525  -142.17262
15530  -131.8359
15535  -130.83884
15540  -142.9969
15545  -130.05496
15550  -134.68974
15555  -134.65425
15560  -131.72519
15565  -133.03232
15570  -136.22733
15575  -139.33919
15580  -135.89694
15585  -146.01558
15590  -136.73917
15595  -134.99591
15600  -143.46155
15605  -139.83261
15610  -140.39865
15615  -137.42982
15620  -149.28777
15625  -129.90347
15630  -136.60513
15635  -138.81837
15640  -137.0702
15645  -139.17502
15650  -137.03413
15655  -140.80127
15660  -141.5665
15665  -137.43796
15670  -134.92677
15675  -135.35648
15680  -138.14995
15685  -136.79134
15690  -145.68839
15695  -144.19304
15700  -143.27289
15705  -139.1112
15710  -136.47852
15715  -141.43954
15720  -141.18167
15725  -139.26823
15730  -133.84123
15735  -141.63617
15740  -130.92667
15745  -137.59903
15750  -137.32593
15755  -140.30586
15760  -135.2468
15765  -133.42178
15770  -132.54898
15775  -141.1513
15780  -136.59044
15785  -140.91278
15790  -142.37857
15795  -139.03123
15800  -140.35046
15805  -135.6893
15810  -136.0032
15815  -138.79297
15820  -136.88074
15825  -142.75851
15830  -130.83447
15835  -135.86761
15840  -140.62955
15845  -134.12093
15850  -144.2754
15855  -142.08728
15860  -146.29231
15865  -144.23486
15870  -151.64539
15875  -142.59427
15880  -146.25107
15885  -136.94981
15890  -145.99413
15895  -145.08395
15900  -142.19359
15905  -143.34073
15910  -143.54585
15915  -145.49904
15920  -150.38298
15925  -151.26668
15930  -147.79695
15935  -148.99211
15940  -139.7834
15945  -146.06477
15950  -140.46417
15955  -149.90253
15960  -151.17679
15965  -146.22626
15970  -140.36617
15975  -149.6793
15980  -142.06009
15985  -148.20685
15990  -153.23198
15995  -142.89407
16000  -144.71744
16005  -144.84946
16010  -140.98302
16015  -142.00739
16020  -145.70712
16025  -147.4988
16030  -144.1732
16035  -148.00389
16040  -145.45796
16045  -148.63715
16050  -149.68123
16055  -135.31717
16060  -136.5753
16065  -139.0494
16070  -147.19778
16075  -147.76794
16080  -145.17647
16085  -138.51602
16090  -143.48189
16095  -152.33179
16100  -144.55478
16105  -142.21494
16110  -146.48416
16115  -140.85779
16120  -143.21869
16125  -138.73743
16130  -134.92807
16135  -134.16066
16140  -142.62762
16145  -137.41707
16150  -134.57202
16155  -123.50842
16160  -127.03629
16165  -128.92493
16170  -131.17003
16175  -129.77362
16180  -128.88176
16185  -130.82227
16190  -131.7601
16195  -143.0446
16200  -132.18387
16205  -123.60985
16210  -119.339806
16215  -127.679115
16220  -130.64568
16225  -128.45119
16230  -129.30513
16235  -120.877914
16240  -125.25871
16245  -126.90835
16250  -126.53163
16255  -135.79616
16260  -123.51328
16265  -124.2427
16270  -131.11403
16275  -128.40497
16280  -114.994896
16285  -125.42757
16290  -121.89879
16295  -121.85692
16300  -121.12726
16305  -125.87862
16310  -124.86708
16315  -128.35538
16320  -125.232834
16325  -125.6496
16330  -124.49801
16335  -125.68107
16340  -121.993996
16345  -132.05226
16350  -126.52275
16355  -124.77505
16360  -122.60048
16365  -123.71318
16370  -119.46643
16375  -117.83085
16380  -121.36654
16385  -117.88341
16390  -113.014206
16395  -114.91245
16400  -116.17865
16405  -111.90709
16410  -111.68838
16415  -116.756065
16420  -113.12163
16425  -111.550804
16430  -113.11217
16435  -112.78186
16440  -112.505165
16445  -118.13844
16450  -116.15251
16455  -122.60225
16460  -103.5648
16465  -116.20504
16470  -115.6703
16475  -116.19281
16480  -112.95024
16485  -118.89641
16490  -116.73942
16495  -119.1934
16500  -112.446106
16505  -106.360275
16510  -106.58134
16515  -113.47606
16520  -113.30924
16525  -121.15126
16530  -122.02834
16535  -112.72131
16540  -108.30758
16545  -105.85951
16550  -108.722145
16555  -115.355286
16560  -106.891136
16565  -106.44662
16570  -126.06895
16575  -113.10292
16580  -106.875244
16585  -113.74503
16590  -109.86388
16595  -112.39148
16600  -117.26294
16605  -114.620865
16610  -111.252884
16615  -121.10042
16620  -117.37024
16625  -120.59111
16630  -128.90758
16635  -115.99868
16640  -122.14071
16645  -112.386
16650  -106.33728
16655  -114.152306
16660  -117.68935
16665  -116.27429
16670  -112.37687
16675  -116.78764
16680  -112.918884
16685  -118.620926
16690  -116.52501
16695  -120.219826
16700  -113.93092
16705  -120.84894
16710  -112.120804
16715  -121.92953
16720  -110.97109
16725  -125.6948
16730  -124.89795
16735  -116.936584
16740  -117.3609
16745  -114.663086
16750  -113.919266
16755  -116.14341
16760  -111.929726
16765  -112.592735
16770  -130.71407
16775  -115.58287
16780  -116.67354
16785  -121.79631
16790  -104.26792
16795  -109.785645
16800  -112.74856
16805  -118.814674
16810  -116.83848
16815  -118.50098
16820  -119.15975
16825  -114.17462
16830  -109.34365
16835  -115.57561
16840  -119.61513
16845  -126.38706
16850  -115.967636
16855  -116.44369
16860  -108.37024
16865  -128.35321
16870  -119.748985
16875  -115.996704
16880  -118.97786
16885  -112.40474
16890  -122.65592
16895  -119.58225
16900  -118.845726
16905  -112.67067
16910  -115.1216
16915  -112.03705
16920  -114.54155
16925  -109.722084
16930  -115.071266
16935  -104.83744
16940  -120.43408
16945  -122.56561
16950  -118.43687
16955  -114.64579
16960  -126.188126
16965  -125.851395
16970  -116.78792
16975  -113.14717
16980  -113.07821
16985  -125.573135
16990  -120.184105
16995  -122.33797
17000  -124.35488
17005  -113.1083
17010  -133.17567
17015  -122.39278
17020  -118.63043
17025  -117.64327
17030  -128.76749
17035  -122.46826
17040  -115.96217
17045  -119.921
17050  -120.53406
17055  -124.807945
17060  -127.85342
17065  -129.2052
17070  -120.42002
17075  -121.48539
17080  -122.441956
17085  -122.28883
17090  -134.1077
17095  -118.430336
17100  -116.8594
17105  -121.33128
17110  -132.35098
17115  -122.10658
17120  -141.29753
17125  -126.417465
17130  -124.019554
17135  -127.76638
17140  -124.85211
17145  -116.97715
17150  -117.46085
17155  -117.49072
17160  -127.09104
17165  -120.32695
17170  -126.16716
17175  -129.86688
17180  -121.04191
17185  -131.7767
17190  -122.47744
17195  -133.13356
17200  -137.83864
17205  -127.203224
17210  -129.76474
17215  -127.398636
17220  -125.375534
17225  -130.58652
17230  -128.13187
17235  -123.99589
17240  -128.38539
17245  -129.0256
17250  -128.2052
17255  -124.07893
17260  -129.08687
17265  -135.08772
17270  -123.444824
17275  -124.451294
17280  -132.95258
17285  -122.75071
17290  -122.49719
17295  -131.96967
17300  -125.46724
17305  -123.183655
17310  -128.56693
17315  -123.37411
17320  -122.589035
17325  -127.77083
17330  -139.09326
17335  -126.1134
17340  -124.31352
17345  -138.98088
17350  -116.08254
17355  -130.41489
17360  -134.35336
17365  -123.31818
17370  -125.29338
17375  -123.65359
17380  -134.34506
17385  -138.00856
17390  -130.76868
17395  -129.36536
17400  -135.19377
17405  -128.68289
17410  -124.32741
17415  -138.07872
17420  -127.98411
17425  -127.40513
17430  -125.201515
17435  -128.92278
17440  -122.63882
17445  -132.58664
17450  -132.75845
17455  -126.045265
17460  -131.1251
17465  -141.72256
17470  -135.16257
17475  -130.61452
17480  -138.61435
17485  -131.80399
17490  -140.01736
17495  -135.63475
17500  -143.88887
17505  -135.22964
17510  -140.07687
17515  -139.71817
17520  -152.22514
17525  -132.90402
17530  -138.00908
17535  -134.49155
17540  -132.57607
17545  -136.74962
17550  -130.67108
17555  -137.10275
17560  -136.92448
17565  -126.57396
17570  -131.57245
17575  -138.49475
17580  -139.32257
17585  -137.67444
17590  -141.61348
17595  -144.26796
17600  -139.13513
17605  -144.11032
17610  -142.39847
17615  -139.53275
17620  -140.13017
17625  -143.22122
17630  -142.30884
17635  -140.83492
17640  -145.91194
17645  -133.18333
17650  -132.99942
17655  -130.2719
17660  -135.19041
17665  -136.02551
17670  -139.3488
17675  -140.0326
17680  -135.52046
17685  -140.30649
17690  -140.22363
17695  -141.6988
17700  -135.91632
17705  -134.17097
17710  -137.13828
17715  -140.25252
17720  -128.83223
17725  -135.89082
17730  -115.77814
17735  -103.61946
17740  -102.88717
17745  -115.96389
17750  -108.71468
17755  -99.52577
17760  -96.75001
17765  -98.817444
17770  -101.04049
17775  -106.003685
17780  -97.804306
17785  -105.75649
17790  -93.54161
17795  -102.25381
17800  -108.513145
17805  -99.480965
17810  -96.80273
17815  -98.6342
17820  -108.46074
17825  -107.85393
17830  -100.83974
17835  -116.105064
17840  -104.33661
17845  -111.06272
17850  -117.7183
17855  -108.35001
17860  -99.648155
17865  -114.68109
17870  -111.33225
17875  -110.22428
17880  -108.48146
17885  -114.11011
17890  -119.53932
17895  -120.86566
17900  -132.7496
17905  -117.91737
17910  -127.14685
17915  -114.42273
17920  -114.95461
17925  -117.23794
17930  -111.46926
17935  -113.44313
17940  -121.60869
17945  -123.94661
17950  -127.38303
17955  -119.63994
17960  -110.124855
17965  -118.81303
17970  -124.24109
17975  -114.83848
17980  -119.885475
17985  -120.38108
17990  -122.87866
17995  -106.40299
18000  -104.49956
18005  -114.96426
18010  -109.93718
18015  -112.86839
18020  -118.90836
18025  -115.78501
18030  -121.80052
18035  -118.396645
18040  -114.49458
18045  -127.69531
18050  -116.080956
18055  -105.32615
18060  -112.24874
18065  -120.734695
18070  -113.70115
18075  -115.86245
18080  -128.20634
18085  -107.9137
18090  -109.03044
18095  -106.84104
18100  -105.80052
18105  -105.34192
18110  -105.74419
18115  -105.46025
18120  -105.54909
18125  -106.18843
18130  -105.77258
18135  -105.61998
18140  -106.26884
18145  -106.21504
18150  -106.59115
18155  -106.22583
18160  -106.30794
18165  -105.74099
18170  -105.14119
18175  -104.462685
18180  -105.587296
18185  -105.17955
18190  -105.33565
18195  -104.91581
18200  -105.15084
18205  -105.90761
18210  -105.34523
18215  -105.31313
18220  -107.587685
18225  -104.73242
18230  -105.19087
18235  -105.260544
18240  -105.221275
18245  -105.6356
18250  -105.35061
18255  -106.030655
18260  -105.73509
18265  -105.54828
18270  -105.325806
18275  -105.67922
18280  -104.982056
18285  -105.35722
18290  -106.25252
18295  -105.23905
18300  -105.672424
18305  -105.52162
18310  -104.52769
18315  -104.82384
18320  -105.202354
18325  -104.60945
18330  -105.44737
18335  -105.918625
18340  -105.01377
18345  -105.62898
18350  -104.91903
18355  -104.92942
18360  -105.33702
18365  -105.24015
18370  -104.50228
18375  -105.25462
18380  -104.89497
18385  -105.20845
18390  -105.40304
18395  -104.86009
18400  -104.85878
18405  -105.4069
18410  -105.38774
18415  -105.14116
18420  -105.542175
18425  -104.772995
18430  -105.08986
18435  -104.808334
18440  -104.62019
18445  -105.00867
18450  -105.49729
18455  -104.40636
18460  -105.06106
18465  -107.46017
18470  -109.71079
18475  -118.19261
18480  -117.9046
18485  -117.73419
18490  -118.71199
18495  -118.694725
18500  -118.012924
18505  -118.066635
18510  -118.25624
18515  -118.433395
18520  -118.052444
18525  -118.34792
18530  -118.29407
18535  -118.1876
18540  -117.915085
18545  -118.078636
18550  -118.15166
18555  -118.385574
18560  -118.98564
18565  -119.0464
18570  -118.35248
18575  -120.082664
18580  -118.69387
18585  -117.88509
18590  -118.13161
18595  -117.99873
18600  -118.32643
18605  -117.81694
18610  -118.49436
18615  -116.96049
18620  -117.59005
18625  -117.46269
18630  -117.77197
18635  -116.48012
18640  -117.32701
18645  -117.90275
18650  -118.00083
18655  -117.62665
18660  -118.13369
18665  -117.47853
18670  -186.33237
18675  -117.47434
18680  -117.9713
18685  -117.92915
18690  -118.31718
18695  -117.86182
18700  -117.98024
18705  -118.31067
18710  -118.46224
18715  -118.28451
18720  -118.27081
18725  -118.501175
18730  -118.436295
18735  -117.75698
18740  -118.02732
18745  -118.352196
18750  -117.89394
18755  -117.61578
18760  -117.126915
18765  -117.90251
18770  -118.26992
18775  -118.31419
18780  -118.21315
18785  -117.89137
18790  -117.20723
18795  -117.92098
18800  -117.268234
18805  -118.001015
18810  -118.12456
18815  -118.06368
18820  -116.96324
18825  -117.91781
18830  -117.58474
18835  -117.855225
18840  -117.70097
18845  -118.33913
18850  -118.21934
18855  -118.21438
18860  -117.322464
18865  -118.11979
18870  -117.93132
18875  -117.70931
18880  -118.40477
18885  -117.989
18890  -117.51803
18895  -118.292076
18900  -117.65588
18905  -118.27689
18910  -118.057785
18915  -117.62246
18920  -118.277756
18925  -117.977234
18930  -118.14121
18935  -118.01967
18940  -118.36365
18945  -118.067406
18950  -117.916
18955  -117.92153
18960  -118.32469
18965  -118.30117
18970  -117.94944
18975  -117.23059
18980  -117.94537
18985  -118.10011
18990  -117.87636
18995  -118.000145
19000  -118.21608
19005  -118.03811
19010  -117.45479
19015  -117.94149
19020  -118.117935
19025  -117.38871
19030  -117.577286
19035  -117.683205
19040  -118.27517
19045  -117.82318
19050  -117.23618
19055  -117.4528
19060  -117.746254
19065  -118.07194
19070  -117.80837
19075  -117.88298
19080  -117.294495
19085  -117.71187
19090  -117.908646
19095  -117.480576
19100  -118.002686
19105  -117.21669
19110  -117.586105
19115  -117.40839
19120  -117.68864
19125  -118.18015
19130  -117.93355
19135  -117.593895
19140  -117.149475
19145  -117.967606
19150  -117.8593
19155  -117.625145
19160  -118.0302
19165  -116.965256
19170  -118.146034
19175  -116.59634
19180  -117.46782
19185  -117.593666
19190  -117.683815
19195  -118.298965
19200  -118.05843
19205  -118.12663
19210  -118.041824
19215  -118.39866
19220  -118.550705
19225  -118.40358
19230  -118.87286
19235  -117.32764
19240  -119.14439
19245  -117.53208
19250  -118.22243
19255  -118.03011
19260  -117.80105
19265  -117.77169
19270  -117.491714
19275  -118.71493
19280  -117.39996
19285  -117.65492
19290  -117.66943
19295  -117.336105
19300  -117.007835
19305  -117.419106
19310  -116.12938
19315  -117.903244
19320  -114.98934
19325  -117.7536
19330  -117.994385
19335  -118.275856
19340  -118.23545
19345  -118.966354
19350  -116.9424
19355  -117.15509
19360  -117.47046
19365  -117.4303
19370  -116.39706
19375  -118.72272
19380  -118.618286
19385  -117.20644
19390  -117.97136
19395  -114.69413
19400  -117.862976
19405  -118.33047
19410  -117.238525
19415  -116.690895
19420  -117.6969
19425  -117.85374
19430  -117.81348
19435  -118.07532
19440  -117.15022
19445  -117.61812
19450  -116.82515
19455  -117.031815
19460  -117.10869
19465  -117.11967
19470  -117.65083
19475  -118.9011
19480  -118.150986
19485  -117.327835
19490  -117.42069
19495  -117.46702
19500  -117.68025
19505  -117.569664
19510  -117.6808
19515  -117.63493
19520  -117.63103
19525  -117.48159
19530  -118.03739
19535  -117.64073
19540  -117.676834
19545  -117.59253
19550  -117.60957
19555  -117.24253
19560  -116.528336
19565  -117.17267
19570  -117.6015
19575  -118.30685
19580  -118.41567
19585  -117.668274
19590  -117.826706
19595  -117.65989
19600  -118.07747
19605  -118.259766
19610  -118.20394
19615  -117.88591
19620  -117.396484
19625  -118.02698
19630  -117.418106
19635  -117.45626
19640  -118.26372
19645  -118.76101
19650  -118.09023
19655  -118.56962
19660  -116.747215
19665  -118.35121
19670  -117.76176
19675  -119.28493
19680  -119.2321
19685  -118.3865
19690  -118.3979
19695  -118.87516
19700  -119.27305
19705  -119.13658
19710  -118.050316
19715  -118.29411
19720  -118.6465
19725  -118.996506
19730  -118.36326
19735  -118.67051
19740  -118.72426
19745  -117.40851
19750  -118.61843
19755  -118.46565
19760  -117.77592
19765  -115.72339
19770  -117.83749
19775  -116.93054
19780  -117.41742
19785  -115.68636
19790  -116.45477
19795  -116.68915
19800  -115.152405
19805  -117.461655
19810  -118.04639
19815  -112.223305
19820  -113.17479
19825  -113.1367
19830  -113.2605
19835  -116.62593
19840  -115.9361
19845  -117.74202
19850  -110.63789
19855  -115.24618
19860  -115.75151
19865  -116.812904
19870  -112.55565
19875  -115.70058
19880  -116.12014
19885  -113.91536
19890  -116.61527
19895  -115.950294
19900  -113.096436
19905  -116.47493
19910  -114.07798
19915  -111.897484
19920  -117.05591
19925  -116.513306
19930  -114.923355
19935  -114.920334
19940  -116.34651
19945  -115.26858
19950  -113.46892
19955  -115.620285
19960  -118.43447
19965  -120.793106
19970  -118.456406
19975  -113.25924
19980  -116.82754
19985  -113.47009
19990  -127.668396
19995  -113.77468
20000  -115.23601