_Episode  _MeanReward
5  -134.47804
10  -129.83875
15  -130.87558
20  -119.76853
25  -124.61798
30  -123.285385
35  -132.13364
40  -126.43343
45  -165.29802
50  -155.37683
55  -149.1932
60  -165.02083
65  -165.15524
70  -171.2284
75  -161.85149
80  -163.74936
85  -184.17435
90  -202.47513
95  -183.24991
100  -162.054
105  -157.24408
110  -156.1929
115  -157.68478
120  -148.69804
125  -156.35716
130  -150.48567
135  -176.68079
140  -197.85
145  -200.70175
150  -202.93114
155  -196.32101
160  -201.23967
165  -214.67102
170  -234.53789
175  -206.30081
180  -216.74512
185  -240.83972
190  -202.4522
195  -206.68448
200  -204.76912
205  -194.43486
210  -211.50345
215  -212.2153
220  -203.20251
225  -194.14975
230  -206.77449
235  -174.23186
240  -226.14883
245  -170.12651
250  -202.05069
255  -213.46892
260  -208.26201
265  -183.12859
270  -190.04175
275  -170.78061
280  -158.55441
285  -136.00273
290  -144.01299
295  -121.37958
300  -119.13765
305  -117.79995
310  -123.41449
315  -115.71989
320  -123.89586
325  -115.719376
330  -125.76848
335  -122.53513
340  -118.3301
345  -120.87976
350  -128.38777
355  -121.86151
360  -119.31854
365  -122.63584
370  -121.356995
375  -123.87651
380  -121.94774
385  -121.63696
390  -121.81338
395  -122.766624
400  -122.551674
405  -124.310165
410  -118.72911
415  -122.79425
420  -122.75774
425  -126.44946
430  -119.49082
435  -123.80758
440  -118.543564
445  -125.948425
450  -125.39543
455  -116.98335
460  -123.50714
465  -131.96733
470  -124.01304
475  -123.21184
480  -124.54683
485  -139.75089
490  -125.80054
495  -120.79893
500  -123.92122
505  -129.20023
510  -129.68906
515  -141.2708
520  -141.1575
525  -123.95512
530  -151.26065
535  -149.8984
540  -155.89557
545  -148.34074
550  -164.56209
555  -167.4639
560  -143.17726
565  -157.11397
570  -147.46065
575  -152.78242
580  -133.6624
585  -126.38251
590  -124.892845
595  -124.57493
600  -130.14407
605  -126.43789
610  -127.29258
615  -128.0619
620  -129.06474
625  -132.84052
630  -136.065
635  -131.88931
640  -131.9216
645  -131.9164
650  -131.83833
655  -131.91055
660  -131.85223
665  -131.88896
670  -131.87044
675  -131.84113
680  -131.8887
685  -131.90048
690  -131.89668
695  -131.87943
700  -131.85623
705  -131.90549
710  -131.88756
715  -131.85254
720  -131.9161
725  -131.90126
730  -131.91374
735  -131.91862
740  -131.89664
745  -131.8912
750  -131.8729
755  -131.89493
760  -131.89145
765  -131.9296
770  -131.90607
775  -131.92131
780  -131.87192
785  -131.83688
790  -131.84457
795  -131.8885
800  -131.87848
805  -131.92363
810  -131.9203
815  -131.92726
820  -131.85849
825  -131.86453
830  -131.8603
835  -131.85783
840  -131.89597
845  -131.87021
850  -131.90019
855  -131.91074
860  -131.90784
865  -131.88914
870  -131.87082
875  -131.86206
880  -131.87048
885  -131.90121
890  -131.918
895  -131.90315
900  -131.93411
905  -131.86374
910  -131.88394
915  -131.8777
920  -131.9174
925  -131.88705
930  -131.89636
935  -131.89848
940  -131.87247
945  -131.89828
950  -131.92262
955  -131.86911
960  -131.91275
965  -131.93246
970  -131.88669
975  -131.91116
980  -131.92172
985  -131.91484
990  -131.84883
995  -131.86742
1000  -131.93648
1005  -131.8857
1010  -131.93388
1015  -131.8811
1020  -131.89665
1025  -131.85173
1030  -131.88359
1035  -131.88112
1040  -131.89584
1045  -131.90895
1050  -131.92346
1055  -131.91533
1060  -131.87732
1065  -131.91353
1070  -131.84354
1075  -131.83803
1080  -131.8893
1085  -131.92903
1090  -131.90828
1095  -131.90768
1100  -131.92447
1105  -131.88388
1110  -131.90593
1115  -131.86137
1120  -131.89847
1125  -131.85597
1130  -131.88107
1135  -131.90555
1140  -131.92319
1145  -131.89246
1150  -131.8771
1155  -131.9461
1160  -131.90446
1165  -131.85495
1170  -131.91252
1175  -131.87233
1180  -131.89847
1185  -131.87947
1190  -131.90738
1195  -131.84091
1200  -131.90259
1205  -131.9119
1210  -131.90584
1215  -131.90457
1220  -131.89993
1225  -131.9166
1230  -131.86957
1235  -131.88013
1240  -131.87227
1245  -131.88898
1250  -131.89551
1255  -131.93416
1260  -131.91057
1265  -131.89307
1270  -131.89957
1275  -131.82912
1280  -131.9085
1285  -131.91013
1290  -131.97285
1295  -131.90768
1300  -131.85172
1305  -131.9031
1310  -131.88657
1315  -131.85565
1320  -131.85588
1325  -131.90085
1330  -131.90622
1335  -131.92133
1340  -131.90569
1345  -131.91841
1350  -131.91821
1355  -131.8245
1360  -131.88611
1365  -131.9102
1370  -131.8967
1375  -131.91261
1380  -131.89929
1385  -131.87263
1390  -131.91411
1395  -131.87744
1400  -131.91325
1405  -131.89616
1410  -131.91939
1415  -131.85815
1420  -131.89554
1425  -131.92828
1430  -131.90683
1435  -131.87614
1440  -131.88199
1445  -131.88754
1450  -131.89124
1455  -131.91745
1460  -131.9072
1465  -131.90234
1470  -131.91556
1475  -131.89503
1480  -131.89548
1485  -131.86917
1490  -131.87885
1495  -131.90973
1500  -131.91293
1505  -131.90274
1510  -131.90628
1515  -131.87762
1520  -131.94725
1525  -131.91386
1530  -131.95291
1535  -131.91457
1540  -131.90459
1545  -131.91031
1550  -131.94795
1555  -131.89462
1560  -131.94669
1565  -131.8859
1570  -131.88556
1575  -131.89627
1580  -131.94388
1585  -131.87332
1590  -131.90295
1595  -131.9064
1600  -131.84875
1605  -131.88138
1610  -131.8991
1615  -131.8413
1620  -131.87466
1625  -131.86127
1630  -131.87738
1635  -131.91602
1640  -131.92139
1645  -131.82065
1650  -131.84982
1655  -131.85341
1660  -131.85165
1665  -131.90312
1670  -131.86942
1675  -131.9091
1680  -131.92618
1685  -131.91374
1690  -131.90305
1695  -131.89899
1700  -131.85635
1705  -131.89647
1710  -131.9443
1715  -131.91872
1720  -131.89053
1725  -131.97568
1730  -131.89735
1735  -131.93445
1740  -131.93332
1745  -131.88823
1750  -131.92575
1755  -131.84146
1760  -131.93129
1765  -131.90195
1770  -131.8867
1775  -131.88434
1780  -131.86728
1785  -131.8966
1790  -131.88585
1795  -131.90237
1800  -131.9025
1805  -131.87051
1810  -131.88779
1815  -131.89346
1820  -131.96062
1825  -131.9299
1830  -131.91373
1835  -131.87286
1840  -131.98193
1845  -131.90742
1850  -131.93564
1855  -131.91245
1860  -131.92464
1865  -131.90088
1870  -131.9018
1875  -131.85486
1880  -131.9268
1885  -131.87585
1890  -131.89262
1895  -131.91963
1900  -131.9253
1905  -131.90219
1910  -131.94748
1915  -131.89719
1920  -131.96031
1925  -131.8639
1930  -131.88724
1935  -131.88095
1940  -131.88693
1945  -131.85837
1950  -131.93895
1955  -131.88998
1960  -131.93765
1965  -131.93575
1970  -131.94211
1975  -131.8925
1980  -131.91365
1985  -131.94983
1990  -131.8901
1995  -131.89287
2000  -131.91415
2005  -131.9467
2010  -131.89198
2015  -131.89207
2020  -131.9353
2025  -131.92114
2030  -131.91025
2035  -131.87526
2040  -131.89798
2045  -131.92213
2050  -131.88791
2055  -131.85834
2060  -131.8707
2065  -131.86473
2070  -131.89334
2075  -131.86397
2080  -131.87442
2085  -131.90865
2090  -131.88309
2095  -131.85217
2100  -131.84152
2105  -131.89304
2110  -131.9056
2115  -131.90495
2120  -131.90048
2125  -131.94478
2130  -131.89702
2135  -131.86716
2140  -131.88326
2145  -131.87146
2150  -131.90489
2155  -131.85422
2160  -131.94817
2165  -131.90714
2170  -131.8775
2175  -131.88448
2180  -131.84492
2185  -131.91788
2190  -131.86668
2195  -131.88208
2200  -131.89671
2205  -131.95067
2210  -131.90012
2215  -131.8602
2220  -131.87952
2225  -131.8515
2230  -131.89404
2235  -131.8721
2240  -131.40527
2245  -131.07681
2250  -129.78206
2255  -131.88116
2260  -131.89006
2265  -131.9187
2270  -131.87065
2275  -131.83064
2280  -131.69589
2285  -131.909
2290  -131.86366
2295  -131.88412
2300  -131.97983
2305  -131.57895
2310  -131.79666
2315  -131.89334
2320  -131.87695
2325  -131.8863
2330  -131.88889
2335  -131.88614
2340  -131.85953
2345  -131.76505
2350  -131.8614
2355  -131.95499
2360  -131.93515
2365  -131.91763
2370  -131.91971
2375  -131.86197
2380  -131.8683
2385  -131.86295
2390  -131.85262
2395  -131.88455
2400  -131.91017
2405  -131.87521
2410  -131.89156
2415  -132.01047
2420  -131.86728
2425  -131.91945
2430  -131.8769
2435  -131.93971
2440  -131.90596
2445  -131.59631
2450  -131.89462
2455  -131.91035
2460  -131.74763
2465  -131.88785
2470  -131.95822
2475  -131.87732
2480  -131.85544
2485  -131.93147
2490  -131.93025
2495  -131.91415
2500  -131.3047
2505  -131.84753
2510  -131.20282
2515  -131.15237
2520  -131.3501
2525  -144.97507
2530  -130.42119
2535  -131.00024
2540  -133.53589
2545  -131.03778
2550  -130.5435
2555  -131.89485
2560  -131.17099
2565  -131.67868
2570  -131.16739
2575  -131.43059
2580  -131.94116
2585  -131.01302
2590  -131.74846
2595  -131.45653
2600  -131.74092
2605  -131.59825
2610  -131.73027
2615  -130.90143
2620  -130.39316
2625  -132.02832
2630  -131.24638
2635  -131.279
2640  -131.4078
2645  -131.83757
2650  -131.77837
2655  -131.96072
2660  -131.91223
2665  -131.95627
2670  -131.85355
2675  -131.82256
2680  -131.87025
2685  -131.94167
2690  -131.87033
2695  -131.88954
2700  -131.71132
2705  -131.86186
2710  -131.87338
2715  -131.87422
2720  -131.8863
2725  -131.93262
2730  -131.87344
2735  -131.87155
2740  -131.99338
2745  -131.9128
2750  -131.8928
2755  -131.85255
2760  -131.90254
2765  -131.72879
2770  -131.89496
2775  -131.92795
2780  -131.91905
2785  -131.72346
2790  -131.89273
2795  -131.89752
2800  -131.84256
2805  -131.63586
2810  -131.89233
2815  -132.00508
2820  -131.88638
2825  -131.91782
2830  -131.88824
2835  -131.86443
2840  -131.95198
2845  -131.91821
2850  -131.99332
2855  -131.90445
2860  -131.55563
2865  -131.961
2870  -131.55629
2875  -131.7163
2880  -131.9331
2885  -131.93878
2890  -132.08688
2895  -131.86842
2900  -131.81543
2905  -131.83609
2910  -131.56569
2915  -131.97023
2920  -131.55215
2925  -131.59727
2930  -131.89645
2935  -131.92978
2940  -131.92557
2945  -131.91138
2950  -131.8998
2955  -131.86293
2960  -131.91487
2965  -131.9394
2970  -131.87173
2975  -131.89548
2980  -131.9248
2985  -131.8898
2990  -131.893
2995  -131.87634
3000  -131.92313
3005  -131.91013
3010  -131.9075
3015  -131.933
3020  -131.89668
3025  -131.88982
3030  -131.87106
3035  -131.88069
3040  -131.90637
3045  -131.88153
3050  -131.90146
3055  -131.96812
3060  -131.88972
3065  -131.92244
3070  -131.92268
3075  -131.89531
3080  -131.88008
3085  -131.92085
3090  -131.91658
3095  -131.92088
3100  -131.90251
3105  -131.93513
3110  -131.90164
3115  -131.88129
3120  -131.91846
3125  -131.9169
3130  -131.89389
3135  -131.9149
3140  -131.89095
3145  -131.90375
3150  -131.89133
3155  -131.91077
3160  -131.87003
3165  -131.90659
3170  -131.88432
3175  -131.94734
3180  -131.88832
3185  -131.92032
3190  -131.88893
3195  -131.9
3200  -131.86115
3205  -131.87346
3210  -131.9105
3215  -131.89984
3220  -131.91675
3225  -131.89104
3230  -131.92616
3235  -131.89494
3240  -131.84285
3245  -131.91096
3250  -131.8775
3255  -131.8505
3260  -131.87703
3265  -131.8685
3270  -131.87363
3275  -131.87317
3280  -131.86823
3285  -131.90562
3290  -131.88736
3295  -131.86232
3300  -131.87535
3305  -131.8591
3310  -131.88275
3315  -131.90164
3320  -131.88878
3325  -131.9059
3330  -131.87662
3335  -131.9043
3340  -131.87671
3345  -131.8752
3350  -131.87349
3355  -131.90822
3360  -131.89326
3365  -131.92622
3370  -131.89043
3375  -131.90535
3380  -131.85081
3385  -131.88889
3390  -131.90912
3395  -131.84634
3400  -131.9019
3405  -131.86838
3410  -131.8715
3415  -131.89613
3420  -131.87978
3425  -131.89442
3430  -131.87642
3435  -131.85297
3440  -131.87653
3445  -131.89465
3450  -131.86287
3455  -131.87361
3460  -131.89294
3465  -131.87906
3470  -131.88962
3475  -131.8543
3480  -131.87936
3485  -131.85263
3490  -131.86996
3495  -131.85782
3500  -131.83656
3505  -131.89429
3510  -131.86667
3515  -131.89731
3520  -131.92722
3525  -131.89182
3530  -131.89621
3535  -131.83878
3540  -131.90067
3545  -131.89351
3550  -131.91695
3555  -131.88266
3560  -131.92331
3565  -131.92143
3570  -131.84912
3575  -131.8829
3580  -131.87851
3585  -131.8733
3590  -131.90607
3595  -131.89436
3600  -131.91093
3605  -131.91397
3610  -131.92264
3615  -131.85147
3620  -131.88454
3625  -131.8814
3630  -131.91196
3635  -131.83786
3640  -131.88339
3645  -131.88638
3650  -131.92325
3655  -131.91776
3660  -131.90225
3665  -131.9032
3670  -131.89131
3675  -131.8791
3680  -131.88419
3685  -131.89084
3690  -131.90166
3695  -131.86534
3700  -131.83884
3705  -131.89066
3710  -131.91159
3715  -131.86497
3720  -131.92825
3725  -131.89317
3730  -131.93277
3735  -131.91882
3740  -131.88661
3745  -131.86594
3750  -131.85716
3755  -131.90495
3760  -131.90105
3765  -131.90257
3770  -131.88928
3775  -131.89568
3780  -131.8892
3785  -131.87344
3790  -131.87154
3795  -131.79375
3800  -131.917
3805  -131.9004
3810  -131.9335
3815  -131.87584
3820  -131.81543
3825  -131.95496
3830  -131.84055
3835  -131.85112
3840  -131.88023
3845  -131.90689
3850  -131.91748
3855  -131.8141
3860  -131.86404
3865  -131.89917
3870  -131.8334
3875  -131.85489
3880  -131.90652
3885  -131.89685
3890  -131.89084
3895  -131.82484
3900  -131.90121
3905  -131.87967
3910  -131.85341
3915  -131.8497
3920  -131.87683
3925  -131.91348
3930  -131.94202
3935  -131.90814
3940  -131.91428
3945  -131.75601
3950  -131.88599
3955  -131.70515
3960  -132.0027
3965  -131.92114
3970  -131.94968
3975  -131.23297
3980  -131.86171
3985  -131.96028
3990  -131.80466
3995  -131.6492
4000  -131.88144
4005  -131.96677
4010  -131.73766
4015  -131.9659
4020  -131.90228
4025  -131.65565
4030  -131.67473
4035  -131.49062
4040  -131.57162
4045  -131.40987
4050  -132.01175
4055  -132.07906
4060  -131.73932
4065  -131.60072
4070  -131.59299
4075  -131.81975
4080  -131.65665
4085  -130.8694
4090  -131.24316
4095  -130.66077
4100  -131.87962
4105  -131.90897
4110  -131.8501
4115  -131.86446
4120  -131.88367
4125  -131.63739
4130  -131.99368
4135  -131.91306
4140  -131.88347
4145  -131.74031
4150  -131.82516
4155  -131.85294
4160  -131.8697
4165  -131.5959
4170  -132.08603
4175  -131.91083
4180  -131.68031
4185  -131.92786
4190  -131.86789
4195  -131.72986
4200  -131.90115
4205  -131.90991
4210  -131.84367
4215  -131.94151
4220  -131.91226
4225  -131.85025
4230  -131.90639
4235  -131.965
4240  -131.7937
4245  -131.71521
4250  -131.90082
4255  -131.91174
4260  -131.73544
4265  -131.88417
4270  -131.91606
4275  -131.88815
4280  -131.8549
4285  -131.84734
4290  -131.87692
4295  -131.6954
4300  -131.9188
4305  -131.9073
4310  -131.86467
4315  -131.88388
4320  -131.74191
4325  -132.06306
4330  -131.83144
4335  -131.54404
4340  -131.68916
4345  -132.00845
4350  -131.76227
4355  -131.57794
4360  -131.90933
4365  -131.98932
4370  -132.05994
4375  -131.60275
4380  -131.85948
4385  -131.86343
4390  -131.85153
4395  -131.67961
4400  -131.73825
4405  -131.91467
4410  -131.62318
4415  -130.50882
4420  -130.43385
4425  -131.82428
4430  -131.90121
4435  -131.71497
4440  -131.20879
4445  -130.66159
4450  -131.672
4455  -131.32373
4460  -131.42783
4465  -131.13437
4470  -137.35345
4475  -131.53445
4480  -131.3654
4485  -131.67288
4490  -131.96884
4495  -131.0495
4500  -131.66306
4505  -131.73926
4510  -131.24783
4515  -131.07625
4520  -132.14618
4525  -131.90894
4530  -131.88281
4535  -132.08607
4540  -131.76624
4545  -131.7492
4550  -131.66864
4555  -131.93471
4560  -131.6976
4565  -131.45009
4570  -132.04646
4575  -131.86096
4580  -131.36551
4585  -131.74644
4590  -131.86409
4595  -131.9002
4600  -131.8965
4605  -131.95177
4610  -131.90286
4615  -131.8306
4620  -131.69182
4625  -131.82626
4630  -131.94563
4635  -131.72
4640  -132.00508
4645  -131.87512
4650  -131.93834
4655  -132.08633
4660  -131.9136
4665  -131.67696
4670  -130.979
4675  -131.92845
4680  -131.91687
4685  -131.92471
4690  -131.91995
4695  -131.8116
4700  -132.00507
4705  -131.91914
4710  -131.70317
4715  -131.8793
4720  -131.92638
4725  -131.89482
4730  -131.88689
4735  -131.919
4740  -131.88992
4745  -131.89156
4750  -131.8837
4755  -131.90843
4760  -131.88449
4765  -131.90105
4770  -131.9203
4775  -131.89868
4780  -131.87164
4785  -131.93094
4790  -131.96524
4795  -131.85497
4800  -131.90837
4805  -131.91136
4810  -131.90176
4815  -131.88547
4820  -131.79587
4825  -131.8776
4830  -131.90605
4835  -132.00182
4840  -131.90591
4845  -131.92934
4850  -131.89145
4855  -131.9196
4860  -131.87694
4865  -131.92067
4870  -131.87259
4875  -131.92764
4880  -131.98422
4885  -131.81967
4890  -131.86392
4895  -131.77097
4900  -131.8882
4905  -131.86496
4910  -131.94232
4915  -131.84778
4920  -131.88106
4925  -131.97777
4930  -131.9562
4935  -131.89334
4940  -131.87782
4945  -131.89174
4950  -131.54826
4955  -131.88957
4960  -131.877
4965  -131.89456
4970  -131.88628
4975  -131.86113
4980  -131.85304
4985  -131.88
4990  -131.62611
4995  -131.83261
5000  -131.90622
5005  -131.82881
5010  -131.89737
5015  -132.04575
5020  -131.89378
5025  -131.88199
5030  -131.94748
5035  -131.92679
5040  -131.91345
5045  -131.89247
5050  -131.85416
5055  -131.8669
5060  -131.80844
5065  -131.871
5070  -131.90845
5075  -131.87045
5080  -131.92049
5085  -131.87888
5090  -131.88953
5095  -131.92203
5100  -131.87712
5105  -131.84212
5110  -131.89354
5115  -131.98602
5120  -131.91452
5125  -131.87292
5130  -131.93993
5135  -131.85025
5140  -131.86205
5145  -131.57285
5150  -131.8432
5155  -131.89764
5160  -131.93594
5165  -131.89224
5170  -131.86015
5175  -131.82095
5180  -131.91682
5185  -131.88248
5190  -131.94945
5195  -131.87157
5200  -131.88567
5205  -131.89938
5210  -131.8711
5215  -131.9073
5220  -131.9065
5225  -131.87157
5230  -131.89992
5235  -131.9127
5240  -131.85536
5245  -131.72841
5250  -131.83774
5255  -131.89755
5260  -131.94534
5265  -131.86946
5270  -131.8685
5275  -131.86577
5280  -131.88925
5285  -131.87888
5290  -131.98763
5295  -131.86806
5300  -131.89331
5305  -131.9039
5310  -131.69649
5315  -131.87914
5320  -131.88278
5325  -131.75333
5330  -131.8812
5335  -131.89119
5340  -131.96982
5345  -131.91936
5350  -131.48901
5355  -131.89438
5360  -131.8743
5365  -131.90231
5370  -131.81808
5375  -131.84732
5380  -129.99617
5385  -131.94003
5390  -131.86087
5395  -131.72078
5400  -131.76468
5405  -131.88556
5410  -131.92273
5415  -132.0095
5420  -131.92783
5425  -131.90736
5430  -131.81186
5435  -131.94995
5440  -131.8445
5445  -131.99771
5450  -131.91411
5455  -131.84195
5460  -131.80878
5465  -131.8932
5470  -131.86787
5475  -131.82092
5480  -131.93369
5485  -131.89647
5490  -131.88794
5495  -131.88806
5500  -131.97104
5505  -131.87357
5510  -131.8779
5515  -131.90642
5520  -131.91171
5525  -131.5753
5530  -131.76443
5535  -131.86662
5540  -131.91817
5545  -131.85936
5550  -131.88493
5555  -131.89302
5560  -131.75224
5565  -131.87723
5570  -132.00867
5575  -131.91641
5580  -131.90161
5585  -132.02493
5590  -131.84787
5595  -131.8894
5600  -131.85196
5605  -131.90422
5610  -131.71567
5615  -131.9155
5620  -131.88794
5625  -131.739
5630  -131.57434
5635  -131.88083
5640  -131.88309
5645  -131.81032
5650  -131.91118
5655  -131.85368
5660  -131.89986
5665  -131.88066
5670  -131.5726
5675  -131.65198
5680  -131.76538
5685  -131.92624
5690  -131.66467
5695  -131.89485
5700  -131.85735
5705  -131.94673
5710  -132.07047
5715  -131.86961
5720  -131.70981
5725  -131.89957
5730  -131.99951
5735  -131.89986
5740  -131.96353
5745  -131.98845
5750  -131.54129
5755  -131.57275
5760  -131.62517
5765  -131.61665
5770  -132.02693
5775  -132.0004
5780  -131.70186
5785  -131.9625
5790  -131.93686
5795  -131.99565
5800  -131.8887
5805  -131.93645
5810  -131.89616
5815  -131.62845
5820  -131.95572
5825  -131.96167
5830  -131.88725
5835  -131.93533
5840  -131.91199
5845  -131.99255
5850  -131.78957
5855  -131.89352
5860  -131.94246
5865  -132.00009
5870  -131.94775
5875  -131.84933
5880  -131.7775
5885  -131.9015
5890  -131.93864
5895  -131.90881
5900  -131.97339
5905  -131.58838
5910  -131.46683
5915  -131.82172
5920  -131.9439
5925  -131.89787
5930  -131.90927
5935  -131.71094
5940  -131.92096
5945  -131.99455
5950  -131.92648
5955  -131.81699
5960  -131.88184
5965  -131.93132
5970  -131.8483
5975  -131.98296
5980  -131.64139
5985  -131.9283
5990  -131.54434
5995  -131.87637
6000  -131.63957
6005  -131.98022
6010  -131.92526
6015  -131.89778
6020  -132.02335
6025  -131.65434
6030  -131.92789
6035  -131.88481
6040  -131.75296
6045  -131.89159
6050  -131.9937
6055  -131.97087
6060  -131.60854
6065  -131.84514
6070  -131.612
6075  -131.6176
6080  -131.98935
6085  -131.97795
6090  -131.90996
6095  -131.8987
6100  -131.90471
6105  -131.58353
6110  -131.8684
6115  -131.86778
6120  -131.90663
6125  -131.88364
6130  -131.76656
6135  -131.88553
6140  -131.5583
6145  -131.87912
6150  -131.95142
6155  -131.92966
6160  -131.93398
6165  -131.9002
6170  -132.09154
6175  -131.98428
6180  -131.67136
6185  -131.99849
6190  -131.91476
6195  -131.6127
6200  -131.82114
6205  -131.28268
6210  -132.05063
6215  -131.73212
6220  -132.01721
6225  -131.60632
6230  -131.97107
6235  -131.89497
6240  -131.96547
6245  -131.9979
6250  -131.9255
6255  -131.88779
6260  -131.88588
6265  -131.94086
6270  -131.92795
6275  -131.84079
6280  -131.97256
6285  -132.18088
6290  -131.88371
6295  -131.89551
6300  -132.01367
6305  -132.03253
6310  -131.8941
6315  -131.7087
6320  -131.7806
6325  -131.969
6330  -131.64046
6335  -131.84277
6340  -131.78325
6345  -131.55254
6350  -131.90457
6355  -131.89024
6360  -132.01022
6365  -131.87904
6370  -131.89871
6375  -132.02298
6380  -131.97977
6385  -132.0856
6390  -132.00708
6395  -131.90605
6400  -131.58109
6405  -131.98917
6410  -131.97943
6415  -131.86908
6420  -131.88965
6425  -132.01225
6430  -131.9039
6435  -131.9432
6440  -131.88962
6445  -131.87483
6450  -131.662
6455  -131.86325
6460  -131.99153
6465  -131.6258
6470  -131.9241
6475  -131.90274
6480  -131.92323
6485  -131.73914
6490  -131.91988
6495  -131.905
6500  -132.0148
6505  -131.92842
6510  -132.02754
6515  -131.90459
6520  -131.97308
6525  -131.87357
6530  -131.87282
6535  -131.80391
6540  -131.57504
6545  -131.6741
6550  -131.7479
6555  -131.93098
6560  -132.06905
6565  -131.8029
6570  -131.88268
6575  -131.59972
6580  -131.81033
6585  -131.952
6590  -131.81815
6595  -131.75981
6600  -132.08191
6605  -131.59628
6610  -131.79819
6615  -131.74458
6620  -131.90805
6625  -132.04861
6630  -131.88399
6635  -131.85147
6640  -131.50829
6645  -131.65215
6650  -131.87163
6655  -131.87123
6660  -131.91284
6665  -131.63837
6670  -131.98152
6675  -131.52751
6680  -131.90489
6685  -131.81438
6690  -131.95605
6695  -131.86272
6700  -131.63896
6705  -131.7447
6710  -131.88936
6715  -131.85147
6720  -131.92012
6725  -131.86844
6730  -131.93828
6735  -131.87794
6740  -131.79901
6745  -131.9714
6750  -131.88718
6755  -131.4313
6760  -131.91379
6765  -131.90677
6770  -131.87471
6775  -131.86835
6780  -131.90633
6785  -131.8693
6790  -131.85178
6795  -131.7335
6800  -131.87871
6805  -131.60701
6810  -131.88445
6815  -131.91544
6820  -131.8312
6825  -131.62296
6830  -131.87634
6835  -131.6772
6840  -131.58405
6845  -131.84349
6850  -131.6779
6855  -132.04385
6860  -131.69853
6865  -131.67606
6870  -131.99149
6875  -131.9333
6880  -131.95674
6885  -131.98079
6890  -131.45436
6895  -131.70953
6900  -131.87315
6905  -131.49992
6910  -131.72397
6915  -131.96172
6920  -131.90517
6925  -131.90408
6930  -131.90825
6935  -131.95486
6940  -131.94565
6945  -131.85962
6950  -131.96555
6955  -131.90369
6960  -131.89212
6965  -131.99544
6970  -131.86325
6975  -131.78925
6980  -131.73708
6985  -132.03801
6990  -131.86552
6995  -131.8616
7000  -131.73003
7005  -131.28433
7010  -131.64404
7015  -131.81796
7020  -131.87776
7025  -131.88986
7030  -131.99681
7035  -130.36565
7040  -131.83704
7045  -131.65456
7050  -131.88779
7055  -131.7873
7060  -132.02617
7065  -132.0147
7070  -132.0792
7075  -132.07344
7080  -131.72372
7085  -131.55107
7090  -131.46967
7095  -131.47392
7100  -131.83452
7105  -131.84329
7110  -131.43947
7115  -131.88449
7120  -131.82329
7125  -131.60121
7130  -131.95576
7135  -131.96721
7140  -131.88062
7145  -131.811
7150  -131.90692
7155  -131.89241
7160  -131.67348
7165  -131.32474
7170  -131.73506
7175  -131.75636
7180  -131.67001
7185  -131.50174
7190  -131.48929
7195  -131.50519
7200  -131.51836
7205  -131.13419
7210  -131.71927
7215  -131.8377
7220  -131.8713
7225  -131.69087
7230  -131.9992
7235  -131.44095
7240  -131.57486
7245  -131.66257
7250  -131.5195
7255  -131.5983
7260  -131.36475
7265  -131.73819
7270  -131.6837
7275  -131.77522
7280  -131.2184
7285  -131.97112
7290  -130.85455
7295  -132.08902
7300  -131.97977
7305  -131.87886
7310  -131.95181
7315  -131.83046
7320  -131.93178
7325  -132.10754
7330  -131.85109
7335  -131.99245
7340  -131.70337
7345  -132.10303
7350  -131.74535
7355  -132.15994
7360  -131.75638
7365  -131.9877
7370  -132.09244
7375  -132.12698
7380  -132.03452
7385  -132.15247
7390  -132.17189
7395  -132.04263
7400  -132.10869
7405  -132.12793
7410  -132.03133
7415  -132.02611
7420  -131.97794
7425  -132.00005
7430  -131.9772
7435  -132.00394
7440  -131.99426
7445  -132.05476
7450  -132.05212
7455  -131.62837
7460  -132.01552
7465  -131.73218
7470  -132.0054
7475  -132.02957
7480  -131.96924
7485  -132.00845
7490  -132.14023
7495  -132.03741
7500  -132.04878
7505  -131.95926
7510  -131.69711
7515  -131.84604
7520  -132.1922
7525  -131.95181
7530  -132.05045
7535  -131.9998
7540  -132.05283
7545  -131.95471
7550  -132.03223
7555  -131.98393
7560  -132.02292
7565  -132.00801
7570  -131.90677
7575  -131.96957
7580  -131.97339
7585  -131.97327
7590  -132.01158
7595  -131.86316
7600  -131.37344
7605  -132.0127
7610  -131.75745
7615  -132.15825
7620  -132.07352
7625  -131.96246
7630  -132.0731
7635  -131.8951
7640  -131.77812
7645  -131.91135
7650  -131.96545
7655  -131.93587
7660  -131.94414
7665  -131.90323
7670  -131.94197
7675  -132.10603
7680  -132.03447
7685  -132.00809
7690  -131.91574
7695  -131.95485
7700  -131.89546
7705  -132.10745
7710  -132.02194
7715  -131.97954
7720  -131.67337
7725  -131.97525
7730  -132.07887
7735  -131.9738
7740  -131.93547
7745  -131.46205
7750  -131.89584
7755  -131.87695
7760  -131.97473
7765  -131.88937
7770  -131.96426
7775  -131.9029
7780  -131.88536
7785  -131.88809
7790  -131.88216
7795  -131.8038
7800  -131.90625
7805  -131.82034
7810  -132.03125
7815  -131.92725
7820  -131.92789
7825  -131.84859
7830  -131.87181
7835  -131.8198
7840  -131.84244
7845  -131.90538
7850  -131.84775
7855  -131.98972
7860  -131.87617
7865  -131.88812
7870  -131.87178
7875  -131.85417
7880  -131.89311
7885  -131.88461
7890  -131.90486
7895  -131.873
7900  -131.85574
7905  -131.94443
7910  -131.92358
7915  -131.88629
7920  -131.88902
7925  -131.91426
7930  -131.88153
7935  -131.8709
7940  -131.91782
7945  -131.8794
7950  -131.89046
7955  -131.82828
7960  -131.89204
7965  -131.93231
7970  -131.96896
7975  -132.0474
7980  -132.03738
7985  -132.12036
7990  -131.95058
7995  -132.00279
8000  -131.99814
8005  -131.89873
8010  -131.8739
8015  -131.98741
8020  -132.00925
8025  -131.82726
8030  -131.93588
8035  -131.97827
8040  -131.97139
8045  -132.09236
8050  -131.99068
8055  -132.01048
8060  -132.00368
8065  -131.68591
8070  -131.55385
8075  -131.62814
8080  -131.70735
8085  -131.85347
8090  -131.50151
8095  -131.85161
8100  -131.87292
8105  -131.42384
8110  -131.60045
8115  -131.5427
8120  -131.5376
8125  -131.45505
8130  -131.7596
8135  -131.673
8140  -131.47682
8145  -131.78177
8150  -131.73645
8155  -131.55615
8160  -131.7387
8165  -131.92972
8170  -132.04645
8175  -131.89572
8180  -131.94077
8185  -131.84924
8190  -131.94962
8195  -131.85466
8200  -131.92245
8205  -131.72424
8210  -131.76758
8215  -133.69823
8220  -131.81503
8225  -131.77141
8230  -131.55382
8235  -131.73679
8240  -131.73862
8245  -131.61719
8250  -131.52473
8255  -131.49034
8260  -131.62474
8265  -131.63344
8270  -131.83963
8275  -131.36537
8280  -131.54587
8285  -131.52034
8290  -131.45396
8295  -131.76707
8300  -131.68428
8305  -131.40842
8310  -131.43741
8315  -131.69894
8320  -131.32195
8325  -131.57329
8330  -131.74127
8335  -131.79935
8340  -131.53596
8345  -131.85161
8350  -131.848
8355  -131.62192
8360  -131.40575
8365  -131.52428
8370  -131.84138
8375  -131.83084
8380  -131.85165
8385  -131.89241
8390  -131.9014
8395  -131.7703
8400  -131.88782
8405  -131.9645
8410  -132.00626
8415  -131.91942
8420  -132.05882
8425  -131.95041
8430  -132.03732
8435  -131.90996
8440  -131.99988
8445  -132.00798
8450  -131.95193
8455  -131.93457
8460  -131.81929
8465  -131.09676
8470  -131.70895
8475  -133.6113
8480  -131.86722
8485  -131.66684
8490  -131.81021
8495  -131.6675
8500  -131.74426
8505  -131.76328
8510  -131.68015
8515  -131.72961
8520  -132.01152
8525  -132.02763
8530  -131.98581
8535  -131.4484
8540  -132.09018
8545  -131.73752
8550  -131.90671
8555  -132.07312
8560  -131.97183
8565  -131.74252
8570  -132.06978
8575  -132.08005
8580  -132.02649
8585  -131.93669
8590  -131.94887
8595  -131.93399
8600  -131.96843
8605  -131.89755
8610  -131.98917
8615  -131.97871
8620  -132.02135
8625  -132.07986
8630  -131.81982
8635  -131.83255
8640  -131.92665
8645  -132.10333
8650  -132.1514
8655  -131.97876
8660  -132.08727
8665  -131.97842
8670  -132.05305
8675  -131.94513
8680  -131.67003
8685  -131.78537
8690  -131.92216
8695  -132.08456
8700  -131.90866
8705  -132.04617
8710  -132.08733
8715  -131.9557
8720  -132.00737
8725  -131.87643
8730  -131.78152
8735  -131.99779
8740  -131.98062
8745  -132.0079
8750  -131.93155
8755  -131.88763
8760  -132.0855
8765  -131.76152
8770  -131.82225
8775  -132.02109
8780  -131.78537
8785  -131.98997
8790  -131.79044
8795  -132.05911
8800  -131.70721
8805  -131.99174
8810  -132.00229
8815  -131.9137
8820  -131.83914
8825  -132.10129
8830  -131.73975
8835  -131.8235
8840  -131.96298
8845  -131.94614
8850  -131.87651
8855  -131.88608
8860  -131.8519
8865  -131.88986
8870  -131.86089
8875  -131.8815
8880  -131.90598
8885  -131.90176
8890  -131.96823
8895  -132.02347
8900  -131.99608
8905  -131.9587
8910  -131.99855
8915  -131.96869
8920  -131.99567
8925  -131.97983
8930  -131.95146
8935  -132.01196
8940  -132.02156
8945  -131.99713
8950  -131.98769
8955  -132.00304
8960  -132.01974
8965  -132.01814
8970  -132.00357
8975  -132.02348
8980  -132.0588
8985  -131.9843
8990  -131.97464
8995  -132.0087
9000  -131.84785
9005  -131.99619
9010  -132.02148
9015  -132.03116
9020  -132.00555
9025  -132.01964
9030  -132.03012
9035  -131.97676
9040  -131.57822
9045  -131.64346
9050  -131.92406
9055  -131.72127
9060  -131.72446
9065  -132.0867
9070  -131.92685
9075  -132.05753
9080  -131.44409
9085  -131.56908
9090  -131.73535
9095  -131.40671
9100  -131.65837
9105  -131.39992
9110  -131.54031
9115  -131.45256
9120  -131.42459
9125  -131.5123
9130  -131.45529
9135  -131.41228
9140  -131.38577
9145  -131.83652
9150  -131.72974
9155  -131.96396
9160  -131.58781
9165  -131.82565
9170  -131.7196
9175  -131.658
9180  -131.8527
9185  -131.9686
9190  -131.73055
9195  -131.99695
9200  -131.86177
9205  -131.9065
9210  -131.71802
9215  -131.74763
9220  -131.63577
9225  -131.48088
9230  -131.4782
9235  -132.08995
9240  -131.4938
9245  -131.70306
9250  -131.40341
9255  -131.59868
9260  -131.94878
9265  -131.7585
9270  -131.70293
9275  -131.8905
9280  -131.84969
9285  -131.75803
9290  -131.4659
9295  -131.74619
9300  -131.84009
9305  -131.56487
9310  -131.58786
9315  -131.66714
9320  -131.7614
9325  -131.6401
9330  -131.69438
9335  -131.73445
9340  -131.80971
9345  -131.61275
9350  -131.83427
9355  -131.7042
9360  -131.79384
9365  -131.53337
9370  -131.47641
9375  -131.47832
9380  -131.42392
9385  -131.64145
9390  -131.57776
9395  -131.39104
9400  -131.52579
9405  -131.34909
9410  -131.35059
9415  -131.34494
9420  -131.37183
9425  -131.37431
9430  -131.69987
9435  -131.80583
9440  -131.74052
9445  -131.74612
9450  -131.89832
9455  -132.05594
9460  -131.98209
9465  -131.49203
9470  -131.90329
9475  -131.72038
9480  -131.71402
9485  -131.64404
9490  -131.64943
9495  -131.63016
9500  -131.65057
9505  -131.67613
9510  -131.64194
9515  -131.5957
9520  -131.61107
9525  -131.5826
9530  -131.561
9535  -131.5953
9540  -131.64717
9545  -131.6389
9550  -131.63614
9555  -131.68564
9560  -131.64568
9565  -131.78477
9570  -131.70273
9575  -131.74637
9580  -131.74554
9585  -131.77518
9590  -131.71335
9595  -131.77473
9600  -131.76187
9605  -131.7651
9610  -131.81079
9615  -131.80338
9620  -131.76216
9625  -131.7566
9630  -131.80544
9635  -131.74625
9640  -131.7656
9645  -131.77388
9650  -131.82039
9655  -131.8329
9660  -131.80846
9665  -131.7607
9670  -131.80315
9675  -131.76404
9680  -131.74771
9685  -131.76823
9690  -131.75684
9695  -131.72423
9700  -131.75386
9705  -131.8022
9710  -131.7372
9715  -131.70657
9720  -131.77563
9725  -131.72792
9730  -131.76895
9735  -131.79575
9740  -131.81209
9745  -131.75827
9750  -131.7642
9755  -131.7826
9760  -131.81323
9765  -131.74931
9770  -131.78076
9775  -131.80045
9780  -131.76895
9785  -131.77097
9790  -131.76956
9795  -131.74664
9800  -131.7856
9805  -131.73695
9810  -131.73996
9815  -131.74945
9820  -131.77505
9825  -131.72313
9830  -131.79793
9835  -131.74411
9840  -131.78242
9845  -131.78516
9850  -131.7746
9855  -131.79324
9860  -131.75713
9865  -131.8355
9870  -131.76413
9875  -131.84163
9880  -131.79282
9885  -131.82462
9890  -131.76187
9895  -131.81596
9900  -131.841
9905  -131.8569
9910  -131.82065
9915  -131.81613
9920  -131.80281
9925  -131.78323
9930  -131.8079
9935  -131.79636
9940  -131.76501
9945  -131.77701
9950  -131.79778
9955  -131.78233
9960  -131.72208
9965  -131.82146
9970  -131.76215
9975  -131.79929
9980  -131.7846
9985  -131.77754
9990  -131.79764
9995  -131.76958
10000  -131.79092
10005  -131.76443
10010  -131.76399
10015  -131.75455
10020  -131.78912
10025  -131.86531
10030  -131.76407
10035  -131.85103
10040  -131.84026
10045  -131.78534
10050  -131.80533
10055  -131.81111
10060  -131.80247
10065  -131.80635
10070  -131.80823
10075  -131.75203
10080  -131.79738
10085  -131.82335
10090  -131.78122
10095  -131.78604
10100  -131.82487
10105  -131.79503
10110  -131.81035
10115  -131.80637
10120  -131.82712
10125  -131.7919
10130  -131.77791
10135  -131.797
10140  -131.80312
10145  -131.78189
10150  -131.7905
10155  -131.82239
10160  -131.78674
10165  -131.79352
10170  -131.82231
10175  -131.80734
10180  -131.83084
10185  -131.79158
10190  -131.76558
10195  -131.81546
10200  -131.77383
10205  -131.85306
10210  -131.85587
10215  -131.85164
10220  -131.8363
10225  -131.86096
10230  -131.84612
10235  -131.8049
10240  -131.79077
10245  -131.79625
10250  -131.82532
10255  -131.7999
10260  -131.80334
10265  -131.82256
10270  -131.79463
10275  -131.81749
10280  -131.8363
10285  -131.83911
10290  -131.80493
10295  -131.83047
10300  -131.81181
10305  -131.80199
10310  -131.7791
10315  -131.81116
10320  -131.75667
10325  -131.9024
10330  -131.80325
10335  -131.795
10340  -131.81454
10345  -131.79369
10350  -131.84575
10355  -131.83408
10360  -131.81644
10365  -131.7753
10370  -131.81024
10375  -131.80515
10380  -131.84988
10385  -131.74948
10390  -131.74435
10395  -131.86063
10400  -131.82484
10405  -131.78717
10410  -131.79451
10415  -131.84384
10420  -131.7978
10425  -131.77527
10430  -131.81758
10435  -131.83156
10440  -131.82187
10445  -131.82094
10450  -131.86893
10455  -131.86421
10460  -131.8003
10465  -131.86002
10470  -131.81705
10475  -131.88695
10480  -131.84177
10485  -131.9271
10490  -131.86218
10495  -131.83894
10500  -131.82446
10505  -131.81921
10510  -131.88533
10515  -131.91171
10520  -131.90927
10525  -131.82915
10530  -131.8943
10535  -131.87453
10540  -131.83842
10545  -131.9302
10550  -131.94724
10555  -131.86539
10560  -131.92189
10565  -131.93436
10570  -131.92023
10575  -131.929
10580  -131.95805
10585  -131.69955
10590  -131.66064
10595  -131.56665
10600  -131.75522
10605  -131.96143
10610  -131.33923
10615  -131.65561
10620  -131.98436
10625  -131.39206
10630  -132.00131
10635  -131.5972
10640  -131.39595
10645  -131.46518
10650  -131.12988
10655  -130.16585
10660  -131.45541
10665  -131.22134
10670  -131.63687
10675  -131.8079
10680  -130.48953
10685  -131.16016
10690  -130.97647
10695  -131.30038
10700  -131.76851
10705  -131.64331
10710  -131.50504
10715  -131.6666
10720  -131.64807
10725  -131.71288
10730  -131.85808
10735  -131.81833
10740  -131.8378
10745  -131.86935
10750  -131.92654
10755  -131.95091
10760  -131.93996
10765  -131.97133
10770  -131.9007
10775  -131.90106
10780  -131.97488
10785  -134.7782
10790  -131.47533
10795  -131.4678
10800  -131.39345
10805  -130.36511
10810  -130.41435
10815  -130.73834
10820  -127.60337
10825  -126.14164
10830  -126.32625
10835  -125.57053
10840  -126.12211
10845  -126.30347
10850  -125.84818
10855  -126.33811
10860  -125.869675
10865  -126.23381
10870  -127.06657
10875  -125.646545
10880  -126.37537
10885  -126.19686
10890  -124.86704
10895  -126.12932
10900  -125.93773
10905  -125.30149
10910  -126.523026
10915  -126.01719
10920  -125.97123
10925  -126.530594
10930  -126.38137
10935  -126.26675
10940  -125.999
10945  -125.99715
10950  -125.908936
10955  -125.582016
10960  -125.924706
10965  -125.78467
10970  -125.823654
10975  -125.821754
10980  -125.97681
10985  -125.9615
10990  -124.877426
10995  -125.15884
11000  -124.71956
11005  -126.050354
11010  -125.79346
11015  -126.18495
11020  -126.01058
11025  -126.07054
11030  -126.563866
11035  -126.73163
11040  -128.11089
11045  -126.37172
11050  -124.935036
11055  -125.536545
11060  -125.80904
11065  -123.92192
11070  -121.4561
11075  -121.78377
11080  -117.84817
11085  -116.541794
11090  -115.543846
11095  -115.21072
11100  -115.63582
11105  -115.37185
11110  -116.04917
11115  -118.48224
11120  -116.73257
11125  -115.39634
11130  -119.29612
11135  -118.78499
11140  -118.31327
11145  -118.44157
11150  -119.38413
11155  -122.03914
11160  -133.19342
11165  -130.13968
11170  -134.82864
11175  -135.22507
11180  -160.31833
11185  -160.3966
11190  -218.34367
11195  -242.53091
11200  -245.0156
11205  -190.91379
11210  -175.71768
11215  -175.56229
11220  -175.78448
11225  -175.18254
11230  -164.59962
11235  -175.56903
11240  -175.69272
11245  -176.12682
11250  -174.6247
11255  -174.64133
11260  -174.43642
11265  -174.74121
11270  -163.02481
11275  -164.22932
11280  -174.17886
11285  -163.0029
11290  -174.69333
11295  -175.15332
11300  -175.72243
11305  -174.97824
11310  -163.2062
11315  -174.99281
11320  -175.21115
11325  -174.23482
11330  -174.39111
11335  -174.90079
11340  -174.94934
11345  -174.37772
11350  -162.15302
11355  -175.22604
11360  -175.02457
11365  -162.34627
11370  -162.91264
11375  -174.82352
11380  -176.01654
11385  -175.5798
11390  -174.87419
11395  -173.75122
11400  -174.1828
11405  -175.73656
11410  -175.47054
11415  -174.29805
11420  -174.87749
11425  -174.91917
11430  -175.68074
11435  -164.35849
11440  -175.54276
11445  -175.73746
11450  -175.66426
11455  -176.08916
11460  -175.99843
11465  -174.87186
11470  -174.59534
11475  -174.55717
11480  -174.79199
11485  -174.69852
11490  -174.81091
11495  -175.42662
11500  -175.35767
11505  -175.12395
11510  -175.47464
11515  -175.14612
11520  -174.5104
11525  -174.16493
11530  -174.6241
11535  -174.78139
11540  -175.35103
11545  -175.05792
11550  -173.61081
11555  -173.02383
11560  -173.99144
11565  -173.36209
11570  -173.24174
11575  -174.6459
11580  -173.54922
11585  -173.30795
11590  -171.98538
11595  -172.52597
11600  -172.44547
11605  -161.82822
11610  -172.70918
11615  -173.63919
11620  -173.41362
11625  -173.8885
11630  -172.79944
11635  -172.65738
11640  -172.97609
11645  -172.04187
11650  -171.63542
11655  -171.98805
11660  -171.74039
11665  -170.28151
11670  -171.0573
11675  -171.18872
11680  -170.56206
11685  -170.57863
11690  -171.53354
11695  -171.1314
11700  -171.22287
11705  -160.58554
11710  -170.79025
11715  -170.46555
11720  -170.98683
11725  -170.3538
11730  -169.9097
11735  -170.4808
11740  -192.7668
11745  -170.07756
11750  -159.53825
11755  -168.55789
11760  -170.13376
11765  -167.76718
11770  -169.27303
11775  -169.41634
11780  -170.24496
11785  -169.62648
11790  -171.06694
11795  -175.20201
11800  -177.97273
11805  -176.94736
11810  -176.43152
11815  -155.1285
11820  -108.771324
11825  -107.9869
11830  -108.07857
11835  -107.82845
11840  -106.685074
11845  -106.589455
11850  -105.86782
11855  -106.61574
11860  -106.98047
11865  -106.55459
11870  -175.98508
11875  -163.39946
11880  -162.87143
11885  -163.13089
11890  -176.74773
11895  -176.43329
11900  -176.53065
11905  -164.4106
11910  -176.80864
11915  -176.0219
11920  -163.86594
11925  -163.33145
11930  -152.5184
11935  -176.33116
11940  -164.46455
11945  -163.70738
11950  -176.36824
11955  -163.0489
11960  -163.3743
11965  -177.69649
11970  -176.56766
11975  -177.1689
11980  -177.40445
11985  -162.87674
11990  -176.61343
11995  -151.65163
12000  -166.22498
12005  -177.09634
12010  -177.48201
12015  -176.6884
12020  -163.5447
12025  -176.2313
12030  -176.63467
12035  -162.52972
12040  -177.35022
12045  -176.9157
12050  -163.66817
12055  -177.1272
12060  -162.92395
12065  -176.06374
12070  -176.4011
12075  -164.00008
12080  -176.68149
12085  -150.49185
12090  -177.69403
12095  -175.87619
12100  -176.00461
12105  -176.94449
12110  -164.59448
12115  -163.96152
12120  -176.88518
12125  -177.63306
12130  -176.44006
12135  -176.92378
12140  -177.778
12145  -164.30215
12150  -163.50229
12155  -176.12386
12160  -177.4305
12165  -176.98894
12170  -177.5862
12175  -177.01717
12180  -176.78926
12185  -176.73685
12190  -176.21353
12195  -162.41798
12200  -162.85864
12205  -176.01047
12210  -176.32716
12215  -163.0339
12220  -177.2157
12225  -176.66472
12230  -177.08072
12235  -176.00229
12240  -176.2496
12245  -176.57019
12250  -176.49324
12255  -175.74142
12260  -176.44681
12265  -176.81088
12270  -176.25201
12275  -150.34505
12280  -176.89372
12285  -176.20866
12290  -176.98294
12295  -176.44168
12300  -164.43912
12305  -162.6388
12310  -162.9327
12315  -176.8433
12320  -151.34062
12325  -177.30594
12330  -177.14816
12335  -176.69128
12340  -163.31924
12345  -149.61813
12350  -177.78145
12355  -175.32227
12360  -176.38013
12365  -163.59042
12370  -176.6554
12375  -164.13986
12380  -162.98503
12385  -176.48746
12390  -176.38599
12395  -175.96628
12400  -150.96346
12405  -176.32773
12410  -175.92456
12415  -176.32404
12420  -149.77951
12425  -176.8888
12430  -163.82715
12435  -163.50444
12440  -176.23831
12445  -176.57541
12450  -176.02385
12455  -176.6862
12460  -176.49828
12465  -176.90605
12470  -162.49507
12475  -175.73122
12480  -176.4488
12485  -163.45436
12490  -163.55093
12495  -176.65158
12500  -176.96262
12505  -163.4487
12510  -176.63345
12515  -176.38135
12520  -176.78442
12525  -176.73929
12530  -162.95685
12535  -176.85312
12540  -175.91562
12545  -162.97281
12550  -176.54634
12555  -163.71352
12560  -176.98112
12565  -176.39188
12570  -176.11172
12575  -178.01472
12580  -163.39276
12585  -176.44333
12590  -176.7758
12595  -177.49406
12600  -163.6501
12605  -176.65169
12610  -177.22853
12615  -177.3704
12620  -176.69975
12625  -177.117
12630  -176.36604
12635  -176.41525
12640  -177.01424
12645  -176.68298
12650  -177.0585
12655  -163.54921
12660  -177.16551
12665  -177.07047
12670  -177.96628
12675  -176.32176
12680  -176.71811
12685  -177.01372
12690  -177.07297
12695  -177.27689
12700  -176.55197
12705  -176.31174
12710  -177.20056
12715  -177.96991
12720  -177.18063
12725  -164.00186
12730  -176.23868
12735  -177.22928
12740  -177.04245
12745  -176.75433
12750  -176.48773
12755  -176.51791
12760  -176.20284
12765  -176.0261
12770  -176.72958
12775  -176.92542
12780  -176.33841
12785  -175.9842
12790  -164.70015
12795  -176.93257
12800  -176.80911
12805  -165.3555
12810  -177.03995
12815  -177.22194
12820  -176.3998
12825  -176.57089
12830  -175.36829
12835  -177.2557
12840  -176.85875
12845  -176.37961
12850  -176.55356
12855  -176.04387
12860  -176.78152
12865  -176.9555
12870  -176.22884
12875  -177.11151
12880  -176.4188
12885  -176.1879
12890  -176.46165
12895  -163.02953
12900  -176.03009
12905  -176.88072
12910  -176.77127
12915  -176.36862
12920  -176.98865
12925  -163.72629
12930  -176.80074
12935  -176.74658
12940  -176.45914
12945  -176.49252
12950  -176.51663
12955  -176.89633
12960  -176.04684
12965  -161.77396
12970  -176.90018
12975  -176.85257
12980  -176.81699
12985  -176.13655
12990  -176.08731
12995  -176.58084
13000  -176.32498
13005  -176.04495
13010  -175.8842
13015  -176.53671
13020  -175.83052
13025  -175.49176
13030  -176.40143
13035  -175.82137
13040  -176.13081
13045  -176.11063
13050  -176.65909
13055  -175.70279
13060  -175.47984
13065  -176.6777
13070  -163.29211
13075  -174.78221
13080  -176.8628
13085  -175.10477
13090  -175.0293
13095  -175.27834
13100  -161.8772
13105  -175.60774
13110  -175.63362
13115  -150.60909
13120  -176.34558
13125  -175.60754
13130  -162.69414
13135  -163.59634
13140  -176.32039
13145  -176.751
13150  -175.71501
13155  -163.55794
13160  -175.44937
13165  -175.9315
13170  -175.30478
13175  -175.96355
13180  -176.3283
13185  -174.90633
13190  -175.33694
13195  -175.24582
13200  -174.53792
13205  -175.14543
13210  -175.37386
13215  -174.95267
13220  -174.13535
13225  -174.06064
13230  -174.40773
13235  -161.80188
13240  -173.31107
13245  -175.62868
13250  -174.29471
13255  -174.08647
13260  -174.2156
13265  -174.11539
13270  -174.59921
13275  -174.23788
13280  -174.17392
13285  -173.60027
13290  -174.05977
13295  -159.93985
13300  -172.13393
13305  -159.94684
13310  -172.5192
13315  -160.14453
13320  -180.81845
13325  -174.31534
13330  -159.48071
13335  -164.53217
13340  -174.28426
13345  -158.89174
13350  -174.04146
13355  -170.14139
13360  -161.87956
13365  -174.06505
13370  -165.77109
13375  -194.12973
13380  -175.88428
13385  -198.82362
13390  -193.7308
13395  -201.79773
13400  -192.9144
13405  -162.63872
13410  -173.46208
13415  -174.0853
13420  -208.24313
13425  -174.60211
13430  -174.0358
13435  -192.1113
13440  -160.91284
13445  -175.995
13450  -173.25034
13455  -167.8599
13460  -161.83107
13465  -175.70308
13470  -173.67581
13475  -174.56015
13480  -175.63797
13485  -175.01183
13490  -162.92267
13495  -173.77394
13500  -172.94266
13505  -175.51031
13510  -173.66428
13515  -175.88286
13520  -173.61148
13525  -173.70853
13530  -174.22264
13535  -173.77267
13540  -192.3582
13545  -174.58542
13550  -233.27446
13555  -113.48397
13560  -107.544556
13565  -106.20766
13570  -107.11717
13575  -107.79482
13580  -107.78462
13585  -107.88515
13590  -107.31035
13595  -107.69535
13600  -107.16959
13605  -106.88578
13610  -107.17268
13615  -107.98387
13620  -108.38828
13625  -108.161156
13630  -107.57888
13635  -108.346275
13640  -107.14485
13645  -106.82493
13650  -106.93738
13655  -107.77737
13660  -108.13621
13665  -108.13518
13670  -107.89154
13675  -107.788925
13680  -107.09497
13685  -106.8891
13690  -107.25081
13695  -108.26341
13700  -108.62815
13705  -107.88953
13710  -108.26161
13715  -108.55731
13720  -107.51518
13725  -107.34265
13730  -107.34086
13735  -108.18252
13740  -108.63696
13745  -108.25968
13750  -108.004555
13755  -108.38894
13760  -107.56986
13765  -107.383224
13770  -107.34348
13775  -107.78341
13780  -108.6228
13785  -108.32747
13790  -108.42976
13795  -108.67705
13800  -107.616714
13805  -107.38291
13810  -107.34375
13815  -107.60857
13820  -108.37071
13825  -108.55967
13830  -108.709435
13835  -108.05491
13840  -107.73064
13845  -107.4082
13850  -107.39919
13855  -107.510086
13860  -108.38817
13865  -108.35628
13870  -108.1176
13875  -108.30129
13880  -107.72123
13885  -107.382996
13890  -107.3384
13895  -107.35237
13900  -108.02425
13905  -108.692856
13910  -108.37461
13915  -108.09092
13920  -107.25171
13925  -107.33516
13930  -107.34812
13935  -107.409164
13940  -108.02135
13945  -108.732285
13950  -108.684265
13955  -108.417015
13960  -107.43181
13965  -107.38081
13970  -107.356705
13975  -107.38063
13980  -107.95255
13985  -108.076904
13990  -107.7867
13995  -108.35587
14000  -107.65212
14005  -107.30861
14010  -107.511185
14015  -107.338905
14020  -107.54204
14025  -108.37402
14030  -108.08588
14035  -108.46831
14040  -107.68685
14045  -107.338196
14050  -107.291954
14055  -107.38304
14060  -107.38237
14065  -108.08561
14070  -108.093796
14075  -108.71133
14080  -107.63692
14085  -107.40932
14090  -107.35712
14095  -107.53867
14100  -107.370445
14105  -108.29619
14110  -108.08876
14115  -108.09778
14120  -107.723366
14125  -107.34312
14130  -107.37644
14135  -107.44153
14140  -107.37362
14145  -108.25669
14150  -108.65348
14155  -108.47766
14160  -107.58702
14165  -107.4482
14170  -107.4222
14175  -107.26638
14180  -107.377945
14185  -107.52721
14190  -108.663795
14195  -108.72279
14200  -107.54551
14205  -107.36565
14210  -107.47334
14215  -107.53319
14220  -107.591835
14225  -107.68877
14230  -108.6687
14235  -108.65843
14240  -107.68882
14245  -107.53883
14250  -107.535355
14255  -107.597275
14260  -107.3755
14265  -107.31895
14270  -108.75157
14275  -108.37809
14280  -107.41305
14285  -107.59013
14290  -107.39604
14295  -107.51256
14300  -107.36031
14305  -107.44481
14310  -107.724464
14315  -108.068565
14320  -107.3093
14325  -107.376
14330  -107.47372
14335  -107.40723
14340  -107.37783
14345  -107.33915
14350  -107.72837
14355  -108.211754
14360  -107.65631
14365  -107.31577
14370  -107.254745
14375  -107.38231
14380  -107.260574
14385  -107.374
14390  -107.41933
14395  -108.350426
14400  -107.621605
14405  -107.31749
14410  -107.37573
14415  -107.35376
14420  -107.407875
14425  -107.34447
14430  -107.569786
14435  -108.25889
14440  -107.59474
14445  -107.28932
14450  -107.25697
14455  -107.25093
14460  -107.34221
14465  -107.25509
14470  -107.23025
14475  -108.552956
14480  -107.61775
14485  -107.34538
14490  -107.22475
14495  -107.34353
14500  -107.315346
14505  -107.31771
14510  -107.2488
14515  -108.200516
14520  -107.63023
14525  -107.22803
14530  -107.34375
14535  -107.343956
14540  -107.27659
14545  -106.87583
14550  -106.69513
14555  -107.51903
14560  -106.23738
14565  -106.073326
14570  -106.1958
14575  -106.12135
14580  -106.04622
14585  -106.12942
14590  -106.136986
14595  -106.679726
14600  -106.41504
14605  -106.12771
14610  -106.139725
14615  -106.134155
14620  -106.14164
14625  -106.13694
14630  -106.20034
14635  -106.699486
14640  -106.53453
14645  -106.20811
14650  -106.27114
14655  -106.17167
14660  -106.3563
14665  -106.367226
14670  -106.313675
14675  -106.4337
14680  -106.73142
14685  -106.42586
14690  -106.45036
14695  -106.43616
14700  -106.41557
14705  -106.42937
14710  -106.42405
14715  -106.42704
14720  -106.936295
14725  -107.95732
14730  -108.02124
14735  -107.2098
14740  -107.98088
14745  -107.417114
14750  -107.09871
14755  -107.42564
14760  -107.600235
14765  -106.93294
14770  -107.56621
14775  -107.889114
14780  -107.464615
14785  -107.55304
14790  -107.88704
14795  -107.33244
14800  -107.45947
14805  -107.94662
14810  -108.01858
14815  -107.90536
14820  -107.634094
14825  -107.84703
14830  -107.85724
14835  -107.339096
14840  -107.00718
14845  -107.85618
14850  -107.87544
14855  -107.790565
14860  -107.9059
14865  -107.409775
14870  -107.562904
14875  -107.82562
14880  -106.712
14885  -108.11753
14890  -107.54089
14895  -107.91411
14900  -107.50875
14905  -107.70953
14910  -106.97697
14915  -107.14514
14920  -106.73505
14925  -107.32721
14930  -107.345726
14935  -107.25991
14940  -108.130875
14945  -107.598915
14950  -107.3718
14955  -107.2797
14960  -106.801315
14965  -107.11428
14970  -107.62581
14975  -107.93593
14980  -107.94141
14985  -107.58665
14990  -107.63855
14995  -107.634865
15000  -106.75415
15005  -106.7631
15010  -107.98238
15015  -108.0342
15020  -107.60093
15025  -107.06388
15030  -107.55492
15035  -108.03642
15040  -106.55171
15045  -106.55326
15050  -107.66154
15055  -107.586075
15060  -107.265114
15065  -107.60901
15070  -108.1281
15075  -108.053894
15080  -106.816124
15085  -106.63606
15090  -107.36814
15095  -107.2628
15100  -107.569496
15105  -107.92653
15110  -108.01555
15115  -106.62026
15120  -106.94755
15125  -106.62874
15130  -107.27385
15135  -108.14298
15140  -107.447044
15145  -107.27946
15150  -108.23564
15155  -107.74282
15160  -106.985855
15165  -106.69011
15170  -107.60553
15175  -108.354904
15180  -108.00542
15185  -107.43126
15190  -108.27889
15195  -107.587845
15200  -106.964355
15205  -106.69661
15210  -107.3141
15215  -107.74556
15220  -107.76372
15225  -107.75344
15230  -108.10873
15235  -108.08926
15240  -106.66714
15245  -106.68655
15250  -106.79799
15255  -108.142944
15260  -108.16122
15265  -108.15737
15270  -108.16129
15275  -107.88887
15280  -107.153915
15285  -106.76259
15290  -106.8735
15295  -107.857285
15300  -107.771034
15305  -107.832275
15310  -107.780556
15315  -107.85127
15320  -107.026024
15325  -106.808304
15330  -106.94086
15335  -107.645935
15340  -107.977394
15345  -108.070946
15350  -107.99968
15355  -107.757225
15360  -107.20302
15365  -106.80904
15370  -106.87081
15375  -107.2194
15380  -107.94011
15385  -107.85176
15390  -108.25874
15395  -107.50856
15400  -107.02354
15405  -106.746216
15410  -106.8123
15415  -107.285706
15420  -107.95223
15425  -108.083046
15430  -107.544754
15435  -107.850075
15440  -106.73277
15445  -106.75002
15450  -106.75004
15455  -107.10045
15460  -108.20034
15465  -108.24544
15470  -107.25883
15475  -107.69405
15480  -106.70951
15485  -106.74922
15490  -106.8113
15495  -106.725685
15500  -108.15033
15505  -108.17468
15510  -107.47246
15515  -107.62412
15520  -106.90044
15525  -106.69588
15530  -106.57766
15535  -106.63338
15540  -107.67059
15545  -107.67771
15550  -107.70935
15555  -107.26369
15560  -106.955894
15565  -106.573265
15570  -106.580215
15575  -106.51489
15580  -107.374855
15585  -107.64464
15590  -107.60333
15595  -108.001526
15600  -106.7863
15605  -106.463
15610  -106.575584
15615  -106.57979
15620  -106.82263
15625  -107.917114
15630  -107.85524
15635  -107.90422
15640  -106.86458
15645  -106.582924
15650  -106.57987
15655  -106.58071
15660  -106.825584
15665  -107.279396
15670  -107.66886
15675  -107.99087
15680  -106.44574
15685  -106.522354
15690  -106.4634
15695  -106.52161
15700  -106.64156
15705  -107.61196
15710  -108.00437
15715  -107.27649
15720  -106.89148
15725  -106.46118
15730  -106.51711
15735  -106.634056
15740  -106.53097
15745  -107.3173
15750  -108.0602
15755  -107.387924
15760  -106.88489
15765  -106.51941
15770  -106.63768
15775  -106.63855
15780  -106.57737
15785  -107.10079
15790  -108.03241
15795  -108.164
15800  -106.546104
15805  -106.64287
15810  -106.57627
15815  -106.51843
15820  -106.63542
15825  -107.03209
15830  -107.71616
15835  -108.03044
15840  -106.56215
15845  -106.41667
15850  -106.520485
15855  -106.52165
15860  -106.520485
15865  -106.88356
15870  -108.03957
15875  -107.643906
15880  -106.697975
15885  -106.579445
15890  -106.5156
15895  -106.49609
15900  -106.53397
15905  -106.53684
15910  -107.89209
15915  -107.41648
15920  -106.70062
15925  -106.453285
15930  -106.4398
15935  -106.42745
15940  -106.46483
15945  -106.41463
15950  -107.79549
15955  -107.479294
15960  -106.76632
15965  -106.456436
15970  -106.430626
15975  -106.44401
15980  -106.41498
15985  -106.51815
15990  -106.70349
15995  -107.94269
16000  -106.86607
16005  -106.41964
16010  -106.53194
16015  -106.69409
16020  -106.58179
16025  -106.544785
16030  -106.80495
16035  -107.922264
16040  -106.72101
16045  -106.45972
16050  -106.530495
16055  -106.51912
16060  -106.60321
16065  -106.51845
16070  -106.79018
16075  -107.81108
16080  -106.8146
16085  -106.464806
16090  -106.51831
16095  -106.57881
16100  -106.52268
16105  -106.52059
16110  -106.49447
16115  -107.89999
16120  -106.957664
16125  -106.690384
16130  -106.691185
16135  -106.68453
16140  -106.772316
16145  -106.82334
16150  -106.80864
16155  -107.760254
16160  -107.07444
16165  -106.81498
16170  -106.81914
16175  -106.79136
16180  -106.78517
16185  -106.74779
16190  -106.750244
16195  -107.72156
16200  -107.02112
16205  -106.87069
16210  -106.99892
16215  -106.69275
16220  -106.87633
16225  -106.68831
16230  -106.89757
16235  -107.45974
16240  -107.04897
16245  -106.87421
16250  -107.01286
16255  -106.67717
16260  -107.00327
16265  -106.87876
16270  -107.02092
16275  -107.15614
16280  -107.08441
16285  -106.878944
16290  -106.94607
16295  -106.75305
16300  -106.88527
16305  -106.80664
16310  -106.88399
16315  -106.88194
16320  -107.24036
16325  -106.99691
16330  -106.81586
16335  -106.8854
16340  -106.941505
16345  -106.999084
16350  -106.876205
16355  -106.84109
16360  -107.48163
16365  -108.44177
16370  -108.316795
16375  -108.31555
16380  -108.317764
16385  -107.701904
16390  -108.31482
16395  -107.98263
16400  -108.131836
16405  -108.40066
16410  -108.07662
16415  -108.31018
16420  -108.45581
16425  -108.14736
16430  -107.869156
16435  -108.44407
16440  -107.95856
16445  -108.4116
16450  -107.953445
16455  -108.446495
16460  -108.4445
16465  -107.40574
16470  -108.63762
16475  -107.804794
16480  -107.30975
16485  -108.49239
16490  -108.53096
16495  -108.62071
16500  -108.58966
16505  -107.93852
16510  -108.61174
16515  -108.32798
16520  -107.36381
16525  -108.28977
16530  -108.16443
16535  -108.44869
16540  -107.95084
16545  -108.27102
16550  -108.21334
16555  -108.15547
16560  -107.5521
16565  -108.102684
16570  -108.279236
16575  -108.33134
16580  -108.04237
16585  -107.9537
16590  -108.04417
16595  -108.11815
16600  -107.06853
16605  -107.31686
16610  -107.87489
16615  -108.26062
16620  -107.984726
16625  -107.453415
16630  -107.77092
16635  -108.37264
16640  -107.08807
16645  -107.24568
16650  -108.158646
16655  -108.072876
16660  -107.361404
16665  -108.129776
16670  -107.86073
16675  -107.76864
16680  -106.93949
16685  -106.861496
16690  -108.058266
16695  -107.862915
16700  -107.87999
16705  -107.77104
16710  -108.09456
16715  -108.15257
16720  -107.10393
16725  -106.852585
16730  -107.60509
16735  -107.76723
16740  -107.819595
16745  -107.988914
16750  -107.951096
16755  -107.99989
16760  -106.928246
16765  -106.76044
16770  -107.5682
16775  -108.13863
16780  -107.91762
16785  -108.36863
16790  -107.71964
16795  -108.07278
16800  -107.31447
16805  -107.132645
16810  -107.65189
16815  -108.39644
16820  -108.39793
16825  -107.46367
16830  -108.2921
16835  -108.0084
16840  -107.286095
16845  -106.88877
16850  -107.498276
16855  -107.26326
16860  -107.7738
16865  -107.91825
16870  -107.99303
16875  -107.96165
16880  -107.20158
16885  -107.00868
16890  -107.10368
16895  -107.549416
16900  -107.29169
16905  -107.88774
16910  -107.98097
16915  -108.27608
16920  -107.16528
16925  -106.89785
16930  -107.026566
16935  -108.34025
16940  -107.90379
16945  -108.26343
16950  -107.709755
16955  -107.97218
16960  -106.6698
16965  -106.69261
16970  -106.88519
16975  -107.47837
16980  -107.52854
16985  -107.732834
16990  -107.707214
16995  -107.977844
17000  -106.929245
17005  -106.69167
17010  -106.689804
17015  -107.44993
17020  -108.047035
17025  -107.804794
17030  -107.63899
17035  -107.38751
17040  -106.927895
17045  -106.69432
17050  -106.57222
17055  -107.20323
17060  -108.03556
17065  -108.01636
17070  -108.21043
17075  -108.03267
17080  -106.904335
17085  -106.63888
17090  -106.690575
17095  -106.94753
17100  -107.620346
17105  -107.99858
17110  -107.96947
17115  -108.11932
17120  -106.87864
17125  -106.572876
17130  -106.56366
17135  -106.55129
17140  -107.59883
17145  -107.82937
17150  -107.73246
17155  -107.93707
17160  -106.83418
17165  -106.68911
17170  -106.311646
17175  -106.19823
17180  -107.54622
17185  -107.89132
17190  -107.44747
17195  -107.37773
17200  -106.526535
17205  -106.14482
17210  -106.19794
17215  -106.26823
17220  -107.10901
17225  -107.4211
17230  -107.375015
17235  -107.50155
17240  -106.58667
17245  -106.24473
17250  -106.19802
17255  -106.23015
17260  -106.83382
17265  -107.745346
17270  -107.77728
17275  -107.10697
17280  -106.57479
17285  -106.20176
17290  -106.27024
17295  -106.206314
17300  -106.57544
17305  -107.74044
17310  -107.841515
17315  -107.389244
17320  -106.46901
17325  -106.19971
17330  -106.21393
17335  -106.148926
17340  -106.159645
17345  -107.35152
17350  -107.4467
17355  -107.60065
17360  -106.10618
17365  -106.20616
17370  -106.149826
17375  -106.40706
17380  -106.25487
17385  -107.08855
17390  -106.71045
17395  -107.42192
17400  -106.17124
17405  -106.209885
17410  -106.276024
17415  -106.13601
17420  -106.25456
17425  -107.30088
17430  -107.50466
17435  -107.37095
17440  -106.435326
17445  -106.20846
17450  -106.18408
17455  -106.274734
17460  -106.15126
17465  -106.505005
17470  -107.41842
17475  -107.85405
17480  -106.214134
17485  -106.1453
17490  -106.20824
17495  -106.141945
17500  -106.143265
17505  -106.555374
17510  -107.8373
17515  -107.07298
17520  -106.52959
17525  -106.199295
17530  -106.209946
17535  -106.14046
17540  -106.135254
17545  -106.28198
17550  -107.77417
17555  -107.755394
17560  -106.51864
17565  -106.20931
17570  -106.13281
17575  -106.33932
17580  -106.20892
17585  -106.21102
17590  -107.45563
17595  -107.69231
17600  -106.51184
17605  -106.34088
17610  -106.332054
17615  -106.27671
17620  -106.20559
17625  -106.27051
17630  -106.757545
17635  -107.70857
17640  -106.17607
17645  -106.21394
17650  -106.2687
17655  -106.205826
17660  -106.26666
17665  -106.20801
17670  -106.432724
17675  -107.69857
17680  -106.103966
17685  -106.27372
17690  -106.28668
17695  -106.243515
17700  -106.22849
17705  -106.258095
17710  -106.563805
17715  -106.32158
17720  -106.46792
17725  -106.33781
17730  -106.141945
17735  -106.19541
17740  -106.150246
17745  -106.15336
17750  -106.21129
17755  -107.85512
17760  -106.5255
17765  -106.344604
17770  -106.14555
17775  -106.21904
17780  -106.20132
17785  -106.26914
17790  -106.14378
17795  -106.88224
17800  -106.10793
17805  -106.31909
17810  -106.201675
17815  -106.2758
17820  -106.33683
17825  -106.26693
17830  -106.148315
17835  -107.26399
17840  -106.54443
17845  -106.265175
17850  -106.13513
17855  -106.28874
17860  -106.19728
17865  -106.13562
17870  -106.20652
17875  -106.43217
17880  -106.439285
17885  -106.20628
17890  -106.21145
17895  -106.18675
17900  -106.259865
17905  -106.19415
17910  -106.201805
17915  -106.6546
17920  -106.55293
17925  -106.191185
17930  -106.2735
17935  -106.13792
17940  -106.21925
17945  -106.20473
17950  -106.20288
17955  -106.17385
17960  -106.10142
17965  -106.3456
17970  -106.2104
17975  -106.2605
17980  -106.27012
17985  -106.26056
17990  -106.2109
17995  -106.21126
18000  -107.475075
18005  -107.43135
18010  -107.819786
18015  -107.99325
18020  -107.937454
18025  -107.74776
18030  -107.46383
18035  -107.52869
18040  -107.118774
18045  -107.01461
18050  -107.358315
18055  -107.06377
18060  -107.74113
18065  -107.3771
18070  -107.14836
18075  -107.83846
18080  -106.79195
18085  -107.73274
18090  -107.06572
18095  -107.090675
18100  -107.76693
18105  -107.87856
18110  -107.10437
18115  -107.54722
18120  -106.52376
18125  -107.536705
18130  -107.00629
18135  -107.37837
18140  -107.86726
18145  -107.023766
18150  -107.83498
18155  -107.415634
18160  -106.7079
18165  -107.70781
18170  -107.040306
18175  -107.40193
18180  -107.85787
18185  -107.44092
18190  -107.517715
18195  -107.41547
18200  -106.59972
18205  -107.24587
18210  -107.46088
18215  -107.05129
18220  -106.666306
18225  -107.450745
18230  -107.751976
18235  -107.05721
18240  -106.53497
18245  -107.14368
18250  -107.89641
18255  -107.81377
18260  -107.48757
18265  -107.75712
18270  -107.08118
18275  -107.50533
18280  -106.50938
18285  -106.59613
18290  -107.9245
18295  -107.61505
18300  -107.448975
18305  -107.47947
18310  -107.44395
18315  -107.432175
18320  -106.53273
18325  -106.62942
18330  -107.53823
18335  -107.38336
18340  -107.36733
18345  -107.50482
18350  -107.43294
18355  -107.53957
18360  -106.584915
18365  -106.33086
18370  -107.50841
18375  -107.40255
18380  -107.008255
18385  -107.86015
18390  -106.70836
18395  -107.77177
18400  -106.17989
18405  -106.20152
18410  -107.09872
18415  -107.74422
18420  -107.86788
18425  -107.42427
18430  -108.02682
18435  -107.76182
18440  -106.56338
18445  -106.14402
18450  -107.164085
18455  -107.09579
18460  -107.79381
18465  -108.01414
18470  -107.87638
18475  -108.53119
18480  -107.80929
18485  -107.42012
18490  -107.54582
18495  -108.697495
18500  -108.407455
18505  -108.37482
18510  -108.08052
18515  -108.63804
18520  -107.77136
18525  -107.54134
18530  -107.58635
18535  -108.435524
18540  -108.692505
18545  -108.37362
18550  -108.05668
18555  -108.377174
18560  -107.58873
18565  -107.57304
18570  -107.652916
18575  -108.23253
18580  -108.9388
18585  -108.73096
18590  -108.93789
18595  -108.9338
18600  -107.90995
18605  -107.9361
18610  -107.776146
18615  -108.40596
18620  -109.05906
18625  -108.483116
18630  -108.62112
18635  -108.5963
18640  -108.15663
18645  -107.91217
18650  -107.83864
18655  -108.24684
18660  -108.56024
18665  -108.41994
18670  -109.22505
18675  -109.11051
18680  -108.173744
18685  -107.84426
18690  -107.93776
18695  -108.24906
18700  -108.57915
18705  -109.06382
18710  -108.662575
18715  -108.41687
18720  -108.15237
18725  -107.84102
18730  -107.72923
18735  -108.00316
18740  -108.14378
18745  -108.92289
18750  -108.587204
18755  -108.2371
18760  -107.99469
18765  -107.93561
18770  -107.84291
18775  -107.911766
18780  -108.918785
18785  -108.913376
18790  -108.57518
18795  -108.585526
18800  -108.14702
18805  -107.82501
18810  -108.00563
18815  -108.00383
18820  -108.16731
18825  -108.6483
18830  -108.989456
18835  -108.70439
18840  -108.158936
18845  -107.93862
18850  -107.77506
18855  -107.864975
18860  -108.01939
18865  -108.24428
18870  -108.59071
18875  -108.25708
18880  -107.951866
18885  -107.747086
18890  -108.0032
18895  -107.75185
18900  -108.37234
18905  -108.61033
18910  -108.566696
18915  -108.24219
18920  -107.87305
18925  -107.8029
18930  -107.75322
18935  -107.64512
18940  -107.60004
18945  -108.51073
18950  -108.731094
18955  -108.72325
18960  -108.17092
18965  -107.75293
18970  -107.66909
18975  -107.75285
18980  -108.00627
18985  -108.66164
18990  -108.24281
18995  -108.86452
19000  -107.97842
19005  -107.66301
19010  -107.78068
19015  -107.83815
19020  -107.71853
19025  -108.587975
19030  -108.735275
19035  -108.85506
19040  -108.01857
19045  -107.72648
19050  -107.6677
19055  -107.90112
19060  -107.736
19065  -108.37234
19070  -108.85957
19075  -108.57394
19080  -107.57955
19085  -107.77608
19090  -107.70924
19095  -107.67102
19100  -107.77859
19105  -108.0412
19110  -108.31327
19115  -108.30403
19120  -107.94702
19125  -107.709496
19130  -107.776695
19135  -107.72971
19140  -107.699905
19145  -107.95451
19150  -108.26068
19155  -108.06232
19160  -107.94002
19165  -107.723495
19170  -107.66193
19175  -107.884544
19180  -107.63904
19185  -107.579735
19190  -108.32861
19195  -109.1535
19200  -107.97066
19205  -107.094666
19210  -106.99253
19215  -107.02952
19220  -107.01151
19225  -107.019
19230  -107.75879
19235  -107.8043
19240  -107.29486
19245  -107.00771
19250  -107.00259
19255  -107.00126
19260  -106.991615
19265  -107.02156
19270  -107.78877
19275  -107.59792
19280  -107.18697
19285  -107.093834
19290  -107.0802
19295  -107.02106
19300  -107.06761
19305  -107.02964
19310  -107.617455
19315  -108.515366
19320  -107.30231
19325  -107.08574
19330  -107.0203
19335  -106.99443
19340  -107.0189
19345  -107.02057
19350  -107.31842
19355  -107.68044
19360  -107.25649
19365  -106.97717
19370  -107.01222
19375  -107.05098
19380  -107.00271
19385  -107.00343
19390  -107.02197
19395  -107.83983
19400  -107.3031
19405  -107.0941
19410  -107.0038
19415  -107.06893
19420  -107.084915
19425  -107.02074
19430  -107.02091
19435  -107.83394
19440  -107.04497
19445  -107.029076
19450  -106.995895
19455  -107.02031
19460  -107.02025
19465  -107.00563
19470  -107.15283
19475  -107.76217
19480  -107.373695
19485  -107.02998
19490  -107.03501
19495  -107.09233
19500  -107.01306
19505  -107.07766
19510  -107.067
19515  -107.303055
19520  -107.42085
19525  -107.046974
19530  -107.08057
19535  -107.01963
19540  -107.0212
19545  -107.02165
19550  -107.00399
19555  -107.19646
19560  -107.38576
19565  -107.029526
19570  -107.05862
19575  -107.08561
19580  -107.050705
19585  -107.01228
19590  -107.02187
19595  -107.066605
19600  -107.18907
19605  -107.02981
19610  -107.01406
19615  -107.02086
19620  -107.03053
19625  -107.01514
19630  -107.047264
19635  -107.02913
19640  -108.123634
19645  -108.079346
19650  -108.167564
19655  -108.395706
19660  -108.27753
19665  -108.343895
19670  -108.48857
19675  -108.41593
19680  -107.5161
19685  -108.172485
19690  -108.43253
19695  -108.36739
19700  -107.74038
19705  -108.451866
19710  -108.44521
19715  -108.40248
19720  -107.95762
19725  -107.75034
19730  -108.08528
19735  -108.388916
19740  -108.358475
19745  -108.309166
19750  -108.53938
19755  -108.168945
19760  -107.20465
19765  -107.83341
19770  -107.82853
19775  -107.784134
19780  -108.097885
19785  -107.969986
19790  -108.25338
19795  -107.71855
19800  -107.21775
19805  -108.07157
19810  -107.706345
19815  -108.05454
19820  -108.40715
19825  -107.79861
19830  -108.46084
19835  -108.039406
19840  -106.992386
19845  -107.636635
19850  -107.56803
19855  -108.305115
19860  -108.20769
19865  -107.80719
19870  -108.49709
19875  -107.69153
19880  -107.32965
19885  -107.97328
19890  -107.89933
19895  -108.025246
19900  -108.402054
19905  -108.23557
19910  -108.10512
19915  -108.3928
19920  -107.35103
19925  -107.384056
19930  -108.453026
19935  -108.2036
19940  -108.63552
19945  -108.19685
19950  -108.18209
19955  -107.6144
19960  -107.2761
19965  -107.06565
19970  -108.46309
19975  -107.76852
19980  -108.13402
19985  -108.47221
19990  -108.19053
19995  -108.06531
20000  -107.36891