_TimeStep  _MeanReward
4096  -120.559
8192  -124.146
12288  -127.383
16384  -126.485
20480  -130.643
24576  -137.412
28672  -145.921
32768  -145.936
36864  -142.298
40960  -156.116
45056  -161.28
49152  -144.139
53248  -153.268
57344  -150.538
61440  -171.952
65536  -162.864
69632  -162.835
73728  -163.414
77824  -173.115
81920  -163.103
86016  -139.494
90112  -157.498
94208  -174.311
98304  -170.684
102400  -138.223
106496  -152.338
110592  -158.491
114688  -154.865
118784  -162.483
122880  -172.68
126976  -158.797
131072  -183.458
135168  -171.176
139264  -172.067
143360  -185.067
147456  -170.722
151552  -186.11
155648  -172.384
159744  -158.624
163840  -172.837
167936  -164.364
172032  -186.71
176128  -158.635
180224  -171.994
184320  -155.376
188416  -148.312
192512  -187.231
196608  -186.473
200704  -172.837
204800  -163.856
208896  -158.748
212992  -146.48
217088  -173.189
221184  -172.759
225280  -160.108
229376  -186.993
233472  -184.931
237568  -132.335
241664  -134.781
245760  -132.979
249856  -128.353
253952  -150.358
258048  -124.936
262144  -131.204
266240  -128.382
270336  -168.966
274432  -126.241
278528  -125.538
282624  -125.52
286720  -125.138
290816  -129.504
294912  -127.384
299008  -128.884
303104  -129.892
307200  -125.362
311296  -126.02
315392  -124.285
319488  -125.814
323584  -128.993
327680  -127.691
331776  -123.109
335872  -126.51
339968  -131.231
344064  -127.596
348160  -124.453
352256  -124.203
356352  -129.717
360448  -128.46
364544  -126.598
368640  -122.377
372736  -123.352
376832  -127.126
380928  -126.419
385024  -130.409
389120  -123.236
393216  -128.437
397312  -126.62
401408  -123.338
405504  -126.225
409600  -124.743
413696  -127.702
417792  -122.175
421888  -126.207
425984  -125.323
430080  -119.61
434176  -153.503
438272  -117.429
442368  -126.333
446464  -126.131
450560  -124.106
454656  -123.531
458752  -124.67
462848  -147.809
466944  -117.397
471040  -123.865
475136  -121.448
479232  -125.203
483328  -123.843
487424  -125.53
491520  -124.974
495616  -122.272
499712  -124.562
503808  -130.459
507904  -128.543
512000  -130.818
516096  -129.122
520192  -128.0
524288  -124.199
528384  -122.567
532480  -123.06
536576  -127.138
540672  -123.368
544768  -131.838
548864  -130.202
552960  -131.227
557056  -129.647
561152  -124.354
565248  -133.554
569344  -129.157
573440  -127.649
577536  -131.142
581632  -131.061
585728  -124.822
589824  -128.675
593920  -128.595
598016  -128.725
602112  -125.721
606208  -132.476
610304  -128.539
614400  -128.649
618496  -128.217
622592  -127.114
626688  -125.585
630784  -130.134
634880  -129.647
638976  -129.983
643072  -125.242
647168  -129.097
651264  -124.996
655360  -128.213
659456  -134.012
663552  -127.16
667648  -124.854
671744  -128.143
675840  -127.813
679936  -126.048
684032  -134.538
688128  -126.106
692224  -128.033
696320  -130.003
700416  -127.479
704512  -128.886
708608  -127.671
712704  -124.266
716800  -125.549
720896  -126.271
724992  -127.247
729088  -125.918
733184  -126.672
737280  -128.258
741376  -133.368
745472  -129.65
749568  -155.796
753664  -129.783
757760  -125.326
761856  -126.554
765952  -127.246
770048  -127.371
774144  -128.376
778240  -129.744
782336  -127.789
786432  -128.152
790528  -127.774
794624  -127.8
798720  -127.123
802816  -130.28
806912  -124.894
811008  -127.285
815104  -130.296
819200  -130.519
823296  -128.444
827392  -129.554
831488  -130.047
835584  -130.029
839680  -129.758
843776  -130.415
847872  -131.756
851968  -130.344
856064  -129.644
860160  -128.975
864256  -126.971
868352  -129.236
872448  -129.045
876544  -129.461
880640  -130.127
884736  -130.112
888832  -130.19
892928  -127.443
897024  -130.632
901120  -130.308
905216  -130.681
909312  -130.358
913408  -129.876
917504  -128.57
921600  -129.767
925696  -130.742
929792  -131.557
933888  -127.75
937984  -127.943
942080  -130.511
946176  -134.417
950272  -130.744
954368  -133.546
958464  -134.323
962560  -130.125
966656  -130.713
970752  -133.565
974848  -131.712
978944  -131.544
983040  -129.844
987136  -134.375
991232  -132.109
995328  -131.413
999424  -132.101
1003520  -132.63
1007616  -131.475
1011712  -132.455
1015808  -127.306
1019904  -131.218
1024000  -132.854
1028096  -130.22
1032192  -129.465
1036288  -129.943
1040384  -129.02
1044480  -131.99
1048576  -129.884
1052672  -128.778
1056768  -131.94
1060864  -130.9
1064960  -129.503
1069056  -127.76
1073152  -132.123
1077248  -129.74
1081344  -128.215
1085440  -128.856
1089536  -130.531
1093632  -130.513
1097728  -131.604
1101824  -128.839
1105920  -129.792
1110016  -130.864
1114112  -129.299
1118208  -127.439
1122304  -130.188
1126400  -127.914
1130496  -131.729
1134592  -132.107
1138688  -133.918
1142784  -128.935
1146880  -130.129
1150976  -129.354
1155072  -129.189
1159168  -131.866
1163264  -128.232
1167360  -132.067
1171456  -131.47
1175552  -130.645
1179648  -126.815
1183744  -127.169
1187840  -129.236
1191936  -126.471
1196032  -126.73
1200128  -131.352
1204224  -128.048
1208320  -133.118
1212416  -131.548
1216512  -135.648
1220608  -130.75
1224704  -135.338
1228800  -137.485
1232896  -129.844
1236992  -134.342
1241088  -131.907
1245184  -131.424
1249280  -129.703
1253376  -130.427
1257472  -127.995
1261568  -130.861
1265664  -132.122
1269760  -129.033
1273856  -131.428
1277952  -129.227
1282048  -127.863
1286144  -129.624
1290240  -131.32
1294336  -133.982
1298432  -133.512
1302528  -130.694
1306624  -130.524
1310720  -130.488
1314816  -128.843
1318912  -131.125
1323008  -132.975
1327104  -130.152
1331200  -128.69
1335296  -127.75
1339392  -167.381
1343488  -135.392
1347584  -130.561
1351680  -130.144
1355776  -128.905
1359872  -129.715
1363968  -132.839
1368064  -132.961
1372160  -128.817
1376256  -125.878
1380352  -127.437
1384448  -126.731
1388544  -122.185
1392640  -127.751
1396736  -128.114
1400832  -130.979
1404928  -125.066
1409024  -125.412
1413120  -130.785
1417216  -129.928
1421312  -127.116
1425408  -129.427
1429504  -128.157
1433600  -129.329
1437696  -127.505
1441792  -127.919
1445888  -122.988
1449984  -125.892
1454080  -125.673
1458176  -122.772
1462272  -124.091
1466368  -132.651
1470464  -126.209
1474560  -131.074
1478656  -129.41
1482752  -123.421
1486848  -122.697
1490944  -126.986
1495040  -131.7
1499136  -123.023
1503232  -123.348
1507328  -124.363
1511424  -123.497
1515520  -125.586
1519616  -124.297
1523712  -126.933
1527808  -126.56
1531904  -130.579
1536000  -127.202
1540096  -131.207
1544192  -125.207
1548288  -124.604
1552384  -125.1
1556480  -124.012
1560576  -122.929
1564672  -124.952
1568768  -126.235
1572864  -127.275
1576960  -127.361
1581056  -125.215
1585152  -126.222
1589248  -124.495
1593344  -125.108
1597440  -124.785
1601536  -126.395
1605632  -126.809
1609728  -124.402
1613824  -123.246
1617920  -128.336
1622016  -127.44
1626112  -125.47
1630208  -125.134
1634304  -125.248
1638400  -125.607
1642496  -127.37
1646592  -125.68
1650688  -125.804
1654784  -123.706
1658880  -126.26
1662976  -124.852
1667072  -123.302
1671168  -123.36
1675264  -120.976
1679360  -121.931
1683456  -124.852
1687552  -123.01
1691648  -123.95
1695744  -125.296
1699840  -125.697
1703936  -122.785
1708032  -129.344
1712128  -123.46
1716224  -126.073
1720320  -125.05
1724416  -127.127
1728512  -129.144
1732608  -127.742
1736704  -129.053
1740800  -126.359
1744896  -126.66
1748992  -123.903
1753088  -128.166
1757184  -125.823
1761280  -124.713
1765376  -124.343
1769472  -124.818
1773568  -129.491
1777664  -125.359
1781760  -125.261
1785856  -126.329
1789952  -124.454
1794048  -124.304
1798144  -128.729
1802240  -122.891
1806336  -123.953
1810432  -123.484
1814528  -126.059
1818624  -126.727
1822720  -123.147
1826816  -125.306
1830912  -125.935
1835008  -130.603
1839104  -130.009
1843200  -124.852
1847296  -126.18
1851392  -128.322
1855488  -127.366
1859584  -127.207
1863680  -127.309
1867776  -128.209
1871872  -130.516
1875968  -129.352
1880064  -126.744
1884160  -125.39
1888256  -122.33
1892352  -123.503
1896448  -123.558
1900544  -131.767
1904640  -122.018
1908736  -154.468
1912832  -124.757
1916928  -126.728
1921024  -123.958
1925120  -128.581
1929216  -124.114
1933312  -125.575
1937408  -128.077
1941504  -124.337
1945600  -122.079
1949696  -126.265
1953792  -126.655
1957888  -132.531
1961984  -125.101
1966080  -126.687
1970176  -126.824
1974272  -128.287
1978368  -120.475
1982464  -123.933
1986560  -127.093
1990656  -126.017
1994752  -124.369
1998848  -124.682
2002944  -123.901
2007040  -125.678
2011136  -121.868
2015232  -125.95
2019328  -122.381
2023424  -124.907
2027520  -125.186
2031616  -129.811
2035712  -168.601
2039808  -126.568
2043904  -119.512
2048000  -128.646
2052096  -124.355
2056192  -125.628
2060288  -125.129
2064384  -120.798
2068480  -122.795
2072576  -127.465
2076672  -126.291
2080768  -125.124
2084864  -126.938
2088960  -128.054
2093056  -129.03
2097152  -123.561
2101248  -124.559
2105344  -124.319
2109440  -123.078
2113536  -125.253
2117632  -125.484
2121728  -122.869
2125824  -125.948
2129920  -124.262
2134016  -126.937
2138112  -126.551
2142208  -126.699
2146304  -122.576
2150400  -124.378
2154496  -124.937
2158592  -126.744
2162688  -126.897
2166784  -150.907
2170880  -124.892
2174976  -144.785
2179072  -145.976
2183168  -155.782
2187264  -125.527
2191360  -169.992
2195456  -157.63
2199552  -126.115
2203648  -126.55
2207744  -148.321
2211840  -143.423
2215936  -150.818
2220032  -124.143
2224128  -150.764
2228224  -140.762
2232320  -124.15
2236416  -187.218
2240512  -127.011
2244608  -138.995
2248704  -144.994
2252800  -129.124
2256896  -125.442
2260992  -123.971
2265088  -125.33
2269184  -126.229
2273280  -124.23
2277376  -129.787
2281472  -124.95
2285568  -137.439
2289664  -144.072
2293760  -148.038
2297856  -139.612
2301952  -122.832
2306048  -152.346
2310144  -132.601
2314240  -123.686
2318336  -138.401
2322432  -145.918
2326528  -143.591
2330624  -175.772
2334720  -127.425
2338816  -142.456
2342912  -123.883
2347008  -146.832
2351104  -151.079
2355200  -140.454
2359296  -143.185
2363392  -135.996
2367488  -149.621
2371584  -145.489
2375680  -177.256
2379776  -149.847
2383872  -126.922
2387968  -151.947
2392064  -159.667
2396160  -122.526
2400256  -170.688
2404352  -126.762
2408448  -126.949
2412544  -149.886
2416640  -122.158
2420736  -130.7
2424832  -129.986
2428928  -142.919
2433024  -130.815
2437120  -170.871
2441216  -144.633
2445312  -168.603
2449408  -123.867
2453504  -125.905
2457600  -141.733
2461696  -158.552
2465792  -127.644
2469888  -128.514
2473984  -129.794
2478080  -152.354
2482176  -127.062
2486272  -186.671
2490368  -131.395
2494464  -129.111
2498560  -153.82
2502656  -150.879
2506752  -132.175
2510848  -127.235
2514944  -152.204
2519040  -129.097
2523136  -154.349
2527232  -144.235
2531328  -131.187
2535424  -170.195
2539520  -147.845
2543616  -125.309
2547712  -133.546
2551808  -126.081
2555904  -129.199
2560000  -127.735
2564096  -128.212
2568192  -125.245
2572288  -129.858
2576384  -165.328
2580480  -158.371
2584576  -125.28
2588672  -130.459
2592768  -131.717
2596864  -128.565
2600960  -187.502
2605056  -127.141
2609152  -127.299
2613248  -128.321
2617344  -154.968
2621440  -122.209
2625536  -170.695
2629632  -128.219
2633728  -123.636
2637824  -130.778
2641920  -126.59
2646016  -131.59
2650112  -126.325
2654208  -170.505
2658304  -125.376
2662400  -124.75
2666496  -129.802
2670592  -125.904
2674688  -128.685
2678784  -138.888
2682880  -122.407
2686976  -134.869
2691072  -153.218
2695168  -149.561
2699264  -130.123
2703360  -137.795
2707456  -157.542
2711552  -127.017
2715648  -153.853
2719744  -131.618
2723840  -134.285
2727936  -145.34
2732032  -124.511
2736128  -130.022
2740224  -125.721
2744320  -128.205
2748416  -135.398
2752512  -129.0
2756608  -166.442
2760704  -133.143
2764800  -165.286
2768896  -171.192
2772992  -146.97
2777088  -138.709
2781184  -127.82
2785280  -134.289
2789376  -126.326
2793472  -161.053
2797568  -141.985
2801664  -170.279
2805760  -130.04
2809856  -124.691
2813952  -132.332
2818048  -170.206
2822144  -131.707
2826240  -134.249
2830336  -130.849
2834432  -127.158
2838528  -130.218
2842624  -122.734
2846720  -124.655
2850816  -129.5
2854912  -135.89
2859008  -126.392
2863104  -132.576
2867200  -134.758
2871296  -131.268
2875392  -160.81
2879488  -166.642
2883584  -150.193
2887680  -131.482
2891776  -137.743
2895872  -132.892
2899968  -126.966
2904064  -133.572
2908160  -169.425
2912256  -130.969
2916352  -128.766
2920448  -128.191
2924544  -124.345
2928640  -173.397
2932736  -137.606
2936832  -128.548
2940928  -131.354
2945024  -128.14
2949120  -172.952
2953216  -129.681
2957312  -129.855
2961408  -157.573
2965504  -158.665
2969600  -132.484
2973696  -131.216
2977792  -128.668
2981888  -127.917
2985984  -135.378
2990080  -132.088
2994176  -132.236
2998272  -129.776
3002368  -131.192
3006464  -134.014
3010560  -132.532
3014656  -133.591
3018752  -136.819
3022848  -130.89
3026944  -133.152
3031040  -132.54
3035136  -136.817
3039232  -174.27
3043328  -133.007
3047424  -133.897
3051520  -128.552
3055616  -133.386
3059712  -131.534
3063808  -130.393
3067904  -168.887
3072000  -133.973
3076096  -131.884
3080192  -134.116
3084288  -172.163
3088384  -128.759
3092480  -134.589
3096576  -130.275
3100672  -131.821
3104768  -133.165
3108864  -171.765
3112960  -135.423
3117056  -129.875
3121152  -169.105
3125248  -134.647
3129344  -133.732
3133440  -138.954
3137536  -128.52
3141632  -132.205
3145728  -134.005
3149824  -135.799
3153920  -133.663
3158016  -132.232
3162112  -132.97
3166208  -171.783
3170304  -128.783
3174400  -136.483
3178496  -133.018
3182592  -129.24
3186688  -131.439
3190784  -134.985
3194880  -131.053
3198976  -158.841
3203072  -134.634
3207168  -127.643
3211264  -132.423
3215360  -135.394
3219456  -135.307
3223552  -169.178
3227648  -168.193
3231744  -136.067
3235840  -139.795
3239936  -131.213
3244032  -133.667
3248128  -128.805
3252224  -137.027
3256320  -135.926
3260416  -131.137
3264512  -129.571
3268608  -133.461
3272704  -133.76
3276800  -134.767
3280896  -133.163
3284992  -134.028
3289088  -130.801
3293184  -135.12
3297280  -131.224
3301376  -131.726
3305472  -169.943
3309568  -132.204
3313664  -132.016
3317760  -134.873
3321856  -133.325
3325952  -129.757
3330048  -126.014
3334144  -131.87
3338240  -132.639
3342336  -127.705
3346432  -136.908
3350528  -131.803
3354624  -130.066
3358720  -132.36
3362816  -130.819
3366912  -133.0
3371008  -133.161
3375104  -131.893
3379200  -130.127
3383296  -127.527
3387392  -128.186
3391488  -130.504
3395584  -126.664
3399680  -126.46
3403776  -129.161
3407872  -129.218
3411968  -127.63
3416064  -133.831
3420160  -128.577
3424256  -134.306
3428352  -131.376
3432448  -130.436
3436544  -126.707
3440640  -128.371
3444736  -132.129
3448832  -130.61
3452928  -128.578
3457024  -126.366
3461120  -135.507
3465216  -130.151
3469312  -131.267
3473408  -129.892
3477504  -126.892
3481600  -131.77
3485696  -132.417
3489792  -130.037
3493888  -131.747
3497984  -129.822
3502080  -134.054
3506176  -130.222
3510272  -129.712
3514368  -130.923
3518464  -127.69
3522560  -124.616
3526656  -132.029
3530752  -128.881
3534848  -129.099
3538944  -130.794
3543040  -131.671
3547136  -129.558
3551232  -132.321
3555328  -131.288
3559424  -127.492
3563520  -128.083
3567616  -129.728
3571712  -131.416
3575808  -131.517
3579904  -126.926
3584000  -127.025
3588096  -127.532
3592192  -128.294
3596288  -129.573
3600384  -124.987
3604480  -128.804
3608576  -132.702
3612672  -131.384
3616768  -126.617
3620864  -127.46
3624960  -128.867
3629056  -126.341
3633152  -127.921
3637248  -124.873
3641344  -128.623
3645440  -128.565
3649536  -128.458
3653632  -127.342
3657728  -131.032
3661824  -129.499
3665920  -125.473
3670016  -129.66
3674112  -130.954
3678208  -123.95
3682304  -125.659
3686400  -124.91
3690496  -126.639
3694592  -125.278
3698688  -128.302
3702784  -128.556
3706880  -134.897
3710976  -124.612
3715072  -130.45
3719168  -125.427
3723264  -128.102
3727360  -127.35
3731456  -131.899
3735552  -131.948
3739648  -128.168
3743744  -126.519
3747840  -129.605
3751936  -130.371
3756032  -129.787
3760128  -124.931
3764224  -130.275
3768320  -123.502
3772416  -128.301
3776512  -132.427
3780608  -124.109
3784704  -133.629
3788800  -129.836
3792896  -128.322
3796992  -170.551
3801088  -128.294
3805184  -127.248
3809280  -127.668
3813376  -125.92
3817472  -123.931
3821568  -129.902
3825664  -133.071
3829760  -126.45
3833856  -128.296
3837952  -127.599
3842048  -127.977
3846144  -126.862
3850240  -129.264
3854336  -126.059
3858432  -126.338
3862528  -126.795
3866624  -125.854
3870720  -126.5
3874816  -126.898
3878912  -124.02
3883008  -126.176
3887104  -126.881
3891200  -127.833
3895296  -125.552
3899392  -126.608
3903488  -122.385
3907584  -125.666
3911680  -129.21
3915776  -124.66
3919872  -124.975
3923968  -126.129
3928064  -125.147
3932160  -129.161
3936256  -127.898
3940352  -126.648
3944448  -130.712
3948544  -130.159
3952640  -127.458
3956736  -125.375
3960832  -125.269
3964928  -125.332
3969024  -127.961
3973120  -124.667
3977216  -126.629
3981312  -124.96
3985408  -127.511
3989504  -128.891
3993600  -123.595
3997696  -128.335
4001792  -127.734
4005888  -165.109
4009984  -124.505
4014080  -131.687
4018176  -123.17
4022272  -130.0
4026368  -127.289
4030464  -126.355
4034560  -123.097
4038656  -125.496
4042752  -132.944
4046848  -127.995
4050944  -126.32
4055040  -129.495
4059136  -124.946
4063232  -126.032
4067328  -127.186
4071424  -126.141
4075520  -125.805
4079616  -167.447
4083712  -126.236
4087808  -158.074
4091904  -128.973
4096000  -126.265
4100096  -125.401
4104192  -125.011
4108288  -125.147
4112384  -128.606
4116480  -156.756
4120576  -167.803
4124672  -135.858
4128768  -148.06
4132864  -124.652
4136960  -123.881
4141056  -123.85
4145152  -136.81
4149248  -123.452
4153344  -156.787
4157440  -127.213
4161536  -121.976
4165632  -126.612
4169728  -129.529
4173824  -156.566
4177920  -157.628
4182016  -124.878
4186112  -122.864
4190208  -144.083
4194304  -139.961
4198400  -127.392
4202496  -144.454
4206592  -142.973
4210688  -130.118