_Episode  _MeanReward
5  -121.97459
10  -118.51003
15  -111.25627
20  -123.99825
25  -145.82788
30  -139.81087
35  -119.56294
40  -120.841446
45  -116.35287
50  -143.28384
55  -131.64517
60  -117.28328
65  -118.558876
70  -130.3725
75  -120.21399
80  -120.95724
85  -129.22208
90  -125.20815
95  -127.18626
100  -121.99107
105  -122.11886
110  -112.538536
115  -113.74355
120  -113.193275
125  -109.044754
130  -103.97011
135  -112.32037
140  -102.47034
145  -102.41282
150  -96.58086
155  -94.83406
160  -94.734146
165  -99.97764
170  -90.438644
175  -86.062584
180  -84.928215
185  -90.81213
190  -75.33226
195  -81.45788
200  -103.81439
205  -86.37557
210  -87.239365
215  -78.56108
220  -74.22392
225  -74.26312
230  -81.624435
235  -65.666626
240  -69.05884
245  -53.673664
250  -46.079273
255  -48.400635
260  -29.982126
265  -18.462322
270  -8.606955
275  8.873909
280  13.005155
285  22.602589
290  36.55033
295  37.931023
300  55.550575
305  64.196754
310  68.96952
315  78.89569
320  83.66066
325  90.2238
330  100.539185
335  102.54158
340  107.21438
345  118.689
350  88.836716
355  104.435036
360  115.1501
365  113.79791
370  123.91567
375  118.76933
380  89.92175
385  125.03469
390  130.82014
395  130.61655
400  125.624596
405  103.54453
410  74.89565
415  91.64677
420  77.83458
425  133.95187
430  129.4219
435  144.10703
440  98.006386
445  115.84645
450  105.40952
455  85.459206
460  145.254
465  119.852585
470  126.01748
475  109.19535
480  118.69749
485  138.9237
490  145.59927
495  151.42868
500  124.08984
505  165.03325
510  122.44762
515  125.50383
520  154.04605
525  151.27701
530  162.70213
535  173.05217
540  171.89865
545  169.23544
550  168.45253
555  122.70116
560  169.4419
565  172.39122
570  116.01799
575  180.48605
580  170.58675
585  179.19066
590  180.81737
595  176.86087
600  139.71872
605  185.32768
610  174.78777
615  178.48093
620  193.59245
625  163.20291
630  100.43009
635  195.36368
640  187.07204
645  184.14786
650  191.74124
655  186.49379
660  193.45566
665  194.73419
670  141.46652
675  205.62698
680  204.84714
685  161.87791
690  196.69795
695  198.46707
700  208.81616
705  168.54288
710  210.8084
715  175.73686
720  203.63406
725  176.38068
730  167.50806
735  144.8278
740  189.32423
745  184.03384
750  189.33401
755  180.39227
760  157.25842
765  203.97922
770  199.79468
775  153.13841
780  215.5186
785  206.23491
790  215.35356
795  177.85945
800  175.45071
805  166.29716
810  195.25198
815  203.25134
820  169.95767
825  162.48059
830  177.99463
835  156.94678
840  131.66614
845  144.19601
850  141.99817
855  157.05734
860  205.62326
865  146.4853
870  144.44316
875  215.20879
880  215.48514
885  139.56296
890  208.02295
895  67.90353
900  176.91702
905  205.97275
910  145.75314
915  167.46732
920  205.20235
925  205.29712
930  204.08452
935  204.9582
940  159.28851
945  202.51836
950  70.95957
955  180.40086
960  188.80136
965  165.01526
970  181.59213
975  170.05984
980  196.15608
985  199.59766
990  147.3935
995  198.20143
1000  162.64238
1005  202.58722
1010  209.47946
1015  208.48462
1020  206.58469
1025  189.73735
1030  209.64082
1035  208.99255
1040  173.91899
1045  150.11691
1050  211.09465
1055  200.5793
1060  171.06174
1065  207.80937
1070  158.49377
1075  205.89218
1080  207.63528
1085  184.56982
1090  168.1676
1095  150.36064
1100  169.06589
1105  214.7999
1110  133.36008
1115  204.94563
1120  199.3788
1125  197.79599
1130  113.434006
1135  189.13882
1140  176.74643
1145  122.31047
1150  97.8445
1155  108.57884
1160  108.54314
1165  105.718796
1170  108.581116
1175  111.93935
1180  115.12197
1185  116.58295
1190  124.794655
1195  125.36906
1200  126.7593
1205  124.31156
1210  119.86882
1215  134.2078
1220  152.07007
1225  154.69113
1230  171.14851
1235  178.86311
1240  186.55959
1245  182.18892
1250  192.3459
1255  173.47978
1260  173.21057
1265  182.11949
1270  170.5713
1275  46.183167
1280  211.39359
1285  204.62227
1290  197.58276
1295  208.89824
1300  205.08643
1305  211.08582
1310  143.73186
1315  207.24487
1320  210.88289
1325  205.30838
1330  210.25948
1335  216.47083
1340  179.82986
1345  213.5552
1350  211.58247
1355  210.96582
1360  216.03206
1365  214.82425
1370  214.84546
1375  184.66394
1380  208.91316
1385  212.79044
1390  214.09753
1395  214.6761
1400  217.70512
1405  212.66568
1410  216.10782
1415  221.06607
1420  218.23384
1425  220.57195
1430  179.20703
1435  147.02515
1440  218.48318
1445  153.84909
1450  223.01518
1455  175.7208
1460  175.63896
1465  219.87366
1470  129.21907
1475  219.67224
1480  221.56998
1485  178.85075
1490  168.24777
1495  220.89693
1500  176.78683
1505  191.19447
1510  184.74425
1515  221.89973
1520  221.75179
1525  126.69606
1530  219.98389
1535  220.47195
1540  224.35693
1545  196.85559
1550  161.2015
1555  158.17557
1560  176.24019
1565  191.8992
1570  223.61174
1575  193.30392
1580  227.45357
1585  224.62813
1590  227.29146
1595  227.17221
1600  182.5007
1605  224.6187
1610  198.94128
1615  188.85098
1620  224.22232
1625  184.548
1630  127.96394
1635  179.16142
1640  223.1204
1645  222.29602
1650  216.4998
1655  220.50766
1660  220.46024
1665  220.10245
1670  219.06416
1675  214.91573
1680  220.94194
1685  219.60147
1690  219.1683
1695  220.84329
1700  222.40471
1705  223.43884
1710  219.88765
1715  223.45517
1720  226.74019
1725  185.96951
1730  222.66956
1735  222.06204
1740  171.84302
1745  220.15198
1750  222.05338
1755  220.09216
1760  225.87383
1765  222.87212
1770  218.4313
1775  226.94785
1780  227.15129
1785  193.71619
1790  183.75912
1795  226.71011
1800  221.98901
1805  225.78983
1810  228.33691
1815  223.19077
1820  226.36826
1825  230.3558
1830  226.67294
1835  230.93718
1840  228.96518
1845  225.99736
1850  227.56758
1855  233.0666
1860  234.37895
1865  232.82207
1870  234.70403
1875  210.86426
1880  235.78227
1885  232.2496
1890  228.51157
1895  229.592
1900  229.56104
1905  233.89682
1910  173.83943
1915  232.04634
1920  230.46269
1925  230.81055
1930  189.92976
1935  237.0852
1940  239.0199
1945  232.60625
1950  235.56612
1955  236.02534
1960  237.55399
1965  177.3704
1970  233.25
1975  142.19614
1980  235.1073
1985  197.79744
1990  239.51152
1995  239.44473
2000  234.24861
2005  195.2251
2010  189.98734
2015  237.86514
2020  240.92583
2025  234.04834
2030  238.61565
2035  188.27567
2040  238.14072
2045  232.97546
2050  238.05484
2055  234.85396
2060  129.60164
2065  239.5231
2070  139.10751
2075  236.48189
2080  238.06853
2085  236.8562
2090  238.38892
2095  241.44759
2100  159.59663
2105  237.81229
2110  240.5675
2115  190.5563
2120  206.3953
2125  115.71355
2130  112.7856
2135  138.29411
2140  187.19293
2145  176.75104
2150  237.00655
2155  235.83688
2160  238.33688
2165  184.72145
2170  236.32002
2175  234.36519
2180  244.5433
2185  184.75696
2190  231.40227
2195  172.20029
2200  232.86609
2205  170.61295
2210  131.51714
2215  138.93951
2220  138.93143
2225  241.89543
2230  239.04343
2235  237.7203
2240  177.4742
2245  146.70871
2250  175.05241
2255  243.15446
2260  241.30713
2265  181.07536
2270  241.6064
2275  233.144
2280  176.92282
2285  240.53223
2290  239.80103
2295  234.00826
2300  205.82053
2305  239.91609
2310  242.33691
2315  150.21361
2320  245.971
2325  132.95682
2330  239.83926
2335  205.51184
2340  241.58182
2345  196.13223
2350  189.58498
2355  178.21724
2360  147.57582
2365  238.96155
2370  195.39645
2375  238.16025
2380  127.887146
2385  180.27182
2390  242.30159
2395  138.83083
2400  240.08313
2405  176.14731
2410  203.24712
2415  119.17147
2420  231.13892
2425  191.17722
2430  191.46298
2435  238.21805
2440  238.39856
2445  240.75703
2450  200.05717
2455  236.57126
2460  233.51767
2465  136.95232
2470  214.80185
2475  236.52519
2480  118.44973
2485  236.47942
2490  240.67789
2495  194.3372
2500  179.77223
2505  237.57297
2510  188.4097
2515  113.07925
2520  120.09923
2525  193.12573
2530  197.28929
2535  235.83585
2540  238.20674
2545  233.99112
2550  239.79172
2555  236.55225
2560  238.20857
2565  185.09085
2570  236.29843
2575  242.08655
2580  239.15625
2585  238.40515
2590  243.04538
2595  241.63754
2600  187.77359
2605  221.3302
2610  193.69339
2615  244.00647
2620  242.45195
2625  243.02377
2630  239.83566
2635  243.00749
2640  243.72974
2645  244.94429
2650  242.68799
2655  181.48096
2660  184.02267
2665  192.3511
2670  238.98653
2675  119.15051
2680  244.2334
2685  192.96767
2690  186.56088
2695  180.94559
2700  241.74638
2705  243.5553
2710  240.68906
2715  240.10645
2720  242.72873
2725  174.52533
2730  242.02364
2735  242.27322
2740  243.10385
2745  240.95537
2750  245.06125
2755  238.14839
2760  246.50574
2765  187.2291
2770  247.29463
2775  243.54802
2780  247.02634
2785  152.01521
2790  245.69978
2795  242.41072
2800  241.62708
2805  243.45248
2810  200.48318
2815  164.75945
2820  245.21036
2825  216.67546
2830  202.2021
2835  201.73862
2840  244.94267
2845  166.96158
2850  151.1342
2855  181.42996
2860  251.5455
2865  200.38255
2870  132.9584
2875  146.70633
2880  187.28076
2885  165.3564
2890  218.9126
2895  244.18164
2900  247.59697
2905  182.6489
2910  245.8366
2915  246.58475
2920  244.34709
2925  247.09558
2930  246.8321
2935  78.4915
2940  185.67004
2945  249.20181
2950  194.34306
2955  196.69809
2960  213.37846
2965  246.43433
2970  200.1423
2975  247.12871
2980  202.95712
2985  248.6542
2990  187.24927
2995  246.84201
3000  200.4603
3005  192.19116
3010  151.31992
3015  247.7125
3020  245.71284
3025  249.09094
3030  241.25552
3035  183.8745
3040  244.91406
3045  243.92392
3050  192.98438
3055  211.00632
3060  248.36311
3065  145.95259
3070  241.46587
3075  243.36841
3080  243.23251
3085  241.95126
3090  238.76807
3095  242.07166
3100  201.35895
3105  211.49654
3110  248.1958
3115  243.7821
3120  148.7941
3125  240.25052
3130  182.04451
3135  241.85281
3140  129.66489
3145  182.02945
3150  79.559044
3155  162.3225
3160  243.53809
3165  238.16348
3170  244.89514
3175  186.76425
3180  236.93018
3185  176.03438
3190  203.32729
3195  241.54086
3200  187.36894
3205  183.06952
3210  240.75444
3215  242.81015
3220  242.93307
3225  184.75174
3230  246.39676
3235  244.4471
3240  108.30611
3245  176.39786
3250  245.21518
3255  190.10925
3260  212.12674
3265  174.9492
3270  203.84615
3275  244.20317
3280  241.5665
3285  206.73347
3290  246.31413
3295  245.86746
3300  178.77226
3305  250.55338
3310  221.0916
3315  248.50777
3320  248.57146
3325  186.00249
3330  248.9805
3335  248.78055
3340  250.96286
3345  250.59708
3350  250.56694
3355  247.40825
3360  250.56204
3365  183.97467
3370  246.82431
3375  201.08336
3380  249.8315
3385  126.52676
3390  192.92493
3395  251.6731
3400  249.24944
3405  126.784584
3410  246.65634
3415  246.64604
3420  245.9396
3425  251.79765
3430  187.42639
3435  246.20602
3440  249.53549
3445  250.44754
3450  248.88823
3455  246.1027
3460  192.05392
3465  194.68211
3470  250.2801
3475  194.7808
3480  208.70114
3485  174.20358
3490  250.61482
3495  250.80847
3500  248.51176
3505  154.73286
3510  251.80473
3515  129.81895
3520  249.75105
3525  138.15005
3530  198.21762
3535  252.19516
3540  160.42969
3545  221.67876
3550  187.85762
3555  248.58968
3560  249.85532
3565  185.35733
3570  249.8782
3575  213.17017
3580  222.76254
3585  245.9773
3590  228.25455
3595  214.65128
3600  250.0187
3605  250.04712
3610  246.29546
3615  205.03487
3620  252.48941
3625  155.61426
3630  220.28618
3635  186.43752
3640  251.27766
3645  183.73276
3650  250.2804
3655  171.15718
3660  250.89746
3665  189.99759
3670  253.64763
3675  252.77194
3680  250.82735
3685  253.42203
3690  221.67578
3695  251.07715
3700  198.68704
3705  178.37935
3710  253.88074
3715  252.1187
3720  252.05945
3725  252.29475
3730  253.9792
3735  111.58226
3740  213.86874
3745  252.90524
3750  174.98608
3755  250.7889
3760  250.7351
3765  252.61125
3770  254.12895
3775  253.40689
3780  223.6571
3785  253.70059
3790  107.611305
3795  251.0358
3800  253.29924
3805  251.81155
3810  183.90816
3815  253.4314
3820  250.99707
3825  131.44598
3830  216.79521
3835  251.06853
3840  251.05692
3845  250.71843
3850  252.3204
3855  253.29655
3860  248.36723
3865  188.3365
3870  223.2792
3875  219.66675
3880  200.94621
3885  128.44078
3890  250.975
3895  109.62412
3900  198.46797
3905  251.68294
3910  251.54411
3915  253.75803
3920  252.78714
3925  130.47615
3930  253.7933
3935  253.17358
3940  206.05264
3945  252.3774
3950  251.396
3955  252.23776
3960  178.01187
3965  153.97195
3970  182.64961
3975  251.75606
3980  252.25119
3985  251.10103
3990  200.63133
3995  251.73996
4000  207.44112
4005  200.11766
4010  254.25215
4015  209.98978
4020  198.25368
4025  250.72739
4030  187.24638
4035  251.4646
4040  209.28316
4045  252.9979
4050  253.12827
4055  191.58818
4060  248.70374
4065  191.89651
4070  186.20761
4075  253.50613
4080  251.62094
4085  156.7092
4090  194.29895
4095  247.85649
4100  251.20724
4105  252.15182
4110  247.58472
4115  250.24045
4120  222.16208
4125  197.14835
4130  190.04567
4135  247.46423
4140  248.17415
4145  251.873
4150  189.86336
4155  187.3292
4160  251.20834
4165  252.87381
4170  186.95929
4175  249.37968
4180  131.12762
4185  249.56094
4190  248.7373
4195  252.34134
4200  250.03915
4205  252.08347
4210  248.7376
4215  255.54
4220  251.81206
4225  226.24747
4230  253.07596
4235  252.0667
4240  254.72339
4245  227.32559
4250  251.64584
4255  217.10669
4260  254.10442
4265  252.85019
4270  254.63843
4275  253.83621
4280  147.73677
4285  255.49455
4290  256.47223
4295  227.77226
4300  200.25484
4305  253.52026
4310  251.00581
4315  253.73044
4320  158.36942
4325  220.6141
4330  252.44067
4335  251.28085
4340  252.71927
4345  254.6071
4350  213.2126
4355  252.95071
4360  136.11018
4365  254.2999
4370  253.9499
4375  254.07053
4380  254.04024
4385  253.2388
4390  252.49702
4395  192.60013
4400  228.22827
4405  220.79309
4410  223.40259
4415  254.00923
4420  254.71155
4425  252.30807
4430  252.54012
4435  148.72223
4440  187.16426
4445  219.9701
4450  193.00034
4455  203.1009
4460  250.99866
4465  218.0968
4470  255.09502
4475  209.05289
4480  196.08646
4485  204.49843
4490  254.81876
4495  254.69043
4500  251.71904
4505  252.79253
4510  162.35884
4515  253.86345
4520  251.37198
4525  250.2952
4530  205.05197
4535  253.06197
4540  186.43301
4545  226.54825
4550  221.5854
4555  186.92525
4560  255.16496
4565  161.55484
4570  222.28745
4575  252.02322
4580  253.49667
4585  195.24411
4590  193.46915
4595  254.47823
4600  253.1749
4605  132.94708
4610  256.4146
4615  253.08383
4620  251.98633
4625  252.32544
4630  195.90393
4635  187.32564
4640  249.6011
4645  209.68222
4650  208.55746
4655  249.98482
4660  255.2543
4665  251.78604
4670  255.53654
4675  254.13492
4680  256.4016
4685  256.38666
4690  206.35555
4695  188.42209
4700  255.14969
4705  253.63428
4710  188.04599
4715  199.56133
4720  251.16653
4725  256.33954
4730  223.02554
4735  254.8888
4740  256.22955
4745  156.29962
4750  253.85083
4755  254.85559
4760  254.5512
4765  251.76486
4770  229.37137
4775  181.57233
4780  202.30923
4785  254.87524
4790  255.58028
4795  255.61235
4800  186.90927
4805  251.21317
4810  257.18048
4815  251.11014
4820  186.3593
4825  203.47107
4830  255.93921
4835  254.65439
4840  253.76338
4845  252.59244
4850  186.7054
4855  250.5055
4860  247.87749
4865  250.94011
4870  189.6437
4875  253.22371
4880  255.70633
4885  216.33769
4890  253.03487
4895  185.19818
4900  255.34045
4905  226.17435
4910  254.56279
4915  206.0345
4920  254.49702
4925  254.80977
4930  229.35886
4935  137.93716
4940  222.51807
4945  160.33162
4950  252.95891
4955  221.50899
4960  255.03142
4965  252.9844
4970  255.95981
4975  86.71218
4980  255.0481
4985  224.83781
4990  249.08308
4995  255.07378
5000  253.50748
5005  196.67293
5010  250.20825
5015  254.7113
5020  251.79126
5025  252.87924
5030  252.9665
5035  253.4605
5040  254.81409
5045  251.4399
5050  253.74893
5055  254.97871
5060  202.20773
5065  224.3052
5070  249.51277
5075  146.31767
5080  226.6052
5085  249.42639
5090  205.04277
5095  230.4502
5100  204.72713
5105  253.62137
5110  198.08392
5115  182.31013
5120  254.2981
5125  252.9467
5130  175.6812
5135  254.24255
5140  253.03564
5145  255.92778
5150  113.81863
5155  144.6647
5160  172.83731
5165  254.37344
5170  254.53862
5175  180.27277
5180  255.56001
5185  256.75394
5190  254.80167
5195  194.63281
5200  255.96346
5205  257.1101
5210  171.49876
5215  256.45123
5220  256.07672
5225  206.34013
5230  227.29797
5235  255.70699
5240  201.67586
5245  256.0016
5250  255.1948
5255  195.03453
5260  252.76077
5265  255.55847
5270  165.9899
5275  156.0131
5280  189.77052
5285  212.54085
5290  255.49551
5295  256.63785
5300  253.34924
5305  256.4438
5310  206.8995
5315  255.35713
5320  256.13284
5325  157.03207
5330  256.3835
5335  257.39325
5340  254.87961
5345  256.8623
5350  174.34842
5355  196.12848
5360  210.9445
5365  256.51688
5370  234.77188
5375  223.43857
5380  255.45044
5385  224.53682
5390  254.89775
5395  256.38684
5400  232.25598
5405  257.0927
5410  221.92314
5415  219.25107
5420  257.1788
5425  228.65906
5430  254.40707
5435  175.04544
5440  230.31465
5445  256.8108
5450  121.493484
5455  148.53499
5460  257.2491
5465  255.64893
5470  181.90996
5475  256.75357
5480  217.2822
5485  256.17413
5490  258.01898
5495  216.75911
5500  258.70166
5505  214.05164
5510  256.6952
5515  182.08867
5520  256.54184
5525  128.04413
5530  255.78975
5535  256.89862
5540  212.58487
5545  258.3465
5550  216.37253
5555  210.52339
5560  132.06018
5565  259.33817
5570  257.99872
5575  162.95903
5580  259.28113
5585  257.32922
5590  257.9301
5595  235.70084
5600  259.07013
5605  257.7103
5610  258.88095
5615  194.89001
5620  259.4808
5625  211.07971
5630  257.6104
5635  259.3764
5640  259.3423
5645  259.70023
5650  218.80069
5655  257.32117
5660  185.99963
5665  258.65665
5670  258.7859
5675  188.64108
5680  258.80157
5685  259.8565
5690  261.0445
5695  259.51266
5700  254.92928
5705  166.97282
5710  208.15154
5715  122.157936
5720  258.31952
5725  257.04376
5730  258.9063
5735  257.06952
5740  256.8318
5745  256.24606
5750  258.59576
5755  259.49432
5760  204.4272
5765  255.43489
5770  256.85553
5775  256.3262
5780  257.5935
5785  257.88052
5790  196.52722
5795  259.8885
5800  182.22505
5805  255.7543
5810  257.01593
5815  187.13017
5820  257.95746
5825  260.32608
5830  206.44937
5835  181.9766
5840  162.37166
5845  203.53976
5850  229.92978
5855  257.32928
5860  193.98544
5865  256.37323
5870  257.08514
5875  256.90973
5880  188.08908
5885  258.91806
5890  158.70432
5895  258.54535
5900  258.94907
5905  197.14693
5910  256.78708
5915  191.01364
5920  258.0272
5925  187.00691
5930  181.10503
5935  106.44375
5940  256.39087
5945  185.22646
5950  186.60596
5955  256.2757
5960  180.39243
5965  192.03462
5970  196.31645
5975  257.29367
5980  192.69757
5985  192.03645
5990  64.36403
5995  214.28325
6000  38.922085
6005  255.76057
6010  257.24982
6015  255.35043
6020  221.74777
6025  249.11076
6030  183.59134
6035  150.23608
6040  79.30688
6045  161.1341
6050  71.68295
6055  122.29551
6060  139.06755
6065  111.131004
6070  148.2687
6075  67.83998
6080  56.875072
6085  132.28755
6090  45.290558
6095  31.65748
6100  143.50687
6105  141.45613
6110  158.92656
6115  218.2136
6120  115.65005
6125  177.56784
6130  147.137
6135  95.73646
6140  156.86311
6145  191.68915
6150  158.33446
6155  188.02164
6160  108.59993
6165  45.750946
6170  210.2656
6175  215.46248
6180  199.32156
6185  61.52141
6190  31.417149
6195  243.11494
6200  203.44936
6205  209.658
6210  101.3868
6215  218.9329
6220  253.99187
6225  253.37183
6230  196.87186
6235  186.88199
6240  175.79416
6245  252.11365
6250  250.90732
6255  126.57965
6260  182.6967
6265  250.92368
6270  244.4981
6275  65.792114
6280  186.82512
6285  200.06274
6290  250.698
6295  251.81523
6300  180.34343
6305  253.6271
6310  254.11272
6315  203.2251
6320  256.64444
6325  181.30132
6330  256.55682
6335  176.59702
6340  178.84474
6345  253.07657
6350  255.72256
6355  253.46208
6360  255.44754
6365  256.3239
6370  158.17383
6375  147.28654
6380  255.44856
6385  176.37338
6390  255.73349
6395  211.27617
6400  258.8952
6405  256.1609
6410  258.77725
6415  207.90483
6420  255.09854
6425  254.99565
6430  253.2089
6435  258.14435
6440  257.26093
6445  198.18494
6450  231.88248
6455  254.49597
6460  193.00706
6465  213.05005
6470  258.5795
6475  199.022
6480  258.01096
6485  191.98172
6490  45.513355
6495  255.33492
6500  257.25934
6505  257.7162
6510  226.54514
6515  188.31561
6520  255.45645
6525  128.80034
6530  256.4095
6535  181.86453
6540  259.0168
6545  256.09503
6550  257.3396
6555  256.9499
6560  219.5488
6565  216.30098
6570  224.1512
6575  179.2988
6580  136.37856
6585  256.85605
6590  256.8077
6595  258.95917
6600  258.22623
6605  257.26617
6610  135.83011
6615  205.29861
6620  257.0993
6625  201.45601
6630  194.30168
6635  261.19324
6640  257.24432
6645  257.37723
6650  257.35452
6655  257.7937
6660  218.41284
6665  255.98721
6670  255.20728
6675  257.9354
6680  125.352005
6685  197.4379
6690  258.3674
6695  213.96274
6700  212.5546
6705  258.69678
6710  257.399
6715  257.63858
6720  259.58975
6725  257.99112
6730  258.38635
6735  144.0397
6740  258.97522
6745  257.29605
6750  257.32855
6755  258.4272
6760  258.2675
6765  255.18643
6770  258.048
6775  256.6257
6780  192.51591
6785  256.8317
6790  254.4316
6795  256.19662
6800  258.11493
6805  256.9765
6810  257.46445
6815  258.9436
6820  256.3612
6825  258.0402
6830  257.7853
6835  259.45007
6840  259.03192
6845  202.7649
6850  258.0365
6855  180.96277
6860  257.69766
6865  258.02814
6870  256.73117
6875  191.45703
6880  258.71774
6885  218.62808
6890  257.6937
6895  258.04718
6900  259.4294
6905  182.65254
6910  256.97415
6915  259.7203
6920  210.6656
6925  198.54713
6930  259.20593
6935  258.724
6940  259.17407
6945  187.45181
6950  187.51175
6955  258.4016
6960  258.54898
6965  184.94646
6970  257.9945
6975  258.83005
6980  259.52652
6985  257.5219
6990  188.80106
6995  258.97037
7000  259.38947
7005  182.91948
7010  258.8058
7015  260.3353
7020  259.31116
7025  190.07455
7030  259.5774
7035  258.50424
7040  259.0041
7045  258.87335
7050  193.35233
7055  260.2514
7060  259.28485
7065  256.7847
7070  150.97699
7075  255.88608
7080  258.8027
7085  259.88046
7090  256.34674
7095  258.6834
7100  211.32283
7105  191.83145
7110  258.69623
7115  258.5774
7120  259.17303
7125  197.11337
7130  260.44547
7135  260.2923
7140  259.78418
7145  261.34512
7150  260.6484
7155  186.23141
7160  260.4876
7165  259.06586
7170  199.08847
7175  258.54413
7180  194.4467
7185  185.06958
7190  115.24921
7195  210.50601
7200  260.22092
7205  258.5815
7210  259.5406
7215  255.93527
7220  258.61295
7225  259.0174
7230  261.47723
7235  205.61801
7240  259.57263
7245  259.60516
7250  206.29745
7255  161.63695
7260  181.08377
7265  226.81564
7270  221.06082
7275  259.67706
7280  199.17764
7285  257.06195
7290  258.3081
7295  182.86917
7300  189.96118
7305  152.23131
7310  193.90439
7315  191.66629
7320  224.60336
7325  260.92914
7330  259.87836
7335  199.06577
7340  258.27008
7345  257.86823
7350  259.989
7355  260.33252
7360  225.18877
7365  261.47296
7370  128.7622
7375  259.14325
7380  257.86786
7385  259.2196
7390  230.00667
7395  261.33438
7400  260.38052
7405  234.25948
7410  223.22737
7415  259.82397
7420  191.45369
7425  259.38336
7430  190.70891
7435  168.46214
7440  231.29182
7445  203.45862
7450  259.14606
7455  150.5112
7460  126.65796
7465  260.63806
7470  195.40921
7475  201.29042
7480  258.5467
7485  258.36505
7490  261.48663
7495  210.78247
7500  181.75926
7505  258.57022
7510  258.98737
7515  228.37576
7520  259.4052
7525  259.9698
7530  211.24771
7535  260.24402
7540  219.03137
7545  260.29163
7550  234.0247
7555  229.10347
7560  112.86466
7565  259.09433
7570  229.23935
7575  260.0257
7580  226.13062
7585  205.01872
7590  109.87628
7595  261.15463
7600  260.64548
7605  260.86072
7610  259.64133
7615  260.61563
7620  260.44135
7625  211.955
7630  260.5604
7635  262.212
7640  261.88293
7645  261.00256
7650  261.08307
7655  167.63144
7660  184.62686
7665  230.27087
7670  179.9961
7675  197.46329
7680  261.11893
7685  261.28452
7690  227.53532
7695  261.35208
7700  259.37286
7705  261.64047
7710  210.92114
7715  261.05774
7720  85.279625
7725  213.68022
7730  194.7847
7735  127.897934
7740  221.57109
7745  259.50772
7750  193.90933
7755  205.55191
7760  260.32538
7765  203.39574
7770  262.33075
7775  212.38138
7780  210.9283
7785  260.66348
7790  259.86957
7795  259.206
7800  228.6105
7805  259.02194
7810  260.1415
7815  230.87724
7820  257.27972
7825  256.46042
7830  259.89853
7835  259.23727
7840  260.9002
7845  222.0686
7850  161.66629
7855  261.98706
7860  259.60065
7865  258.39673
7870  183.96793
7875  259.39114
7880  202.17276
7885  201.25443
7890  259.30884
7895  156.68663
7900  257.06967
7905  191.54192
7910  260.02774
7915  259.52338
7920  259.9001
7925  141.89496
7930  258.5188
7935  257.90372
7940  186.6189
7945  228.12321
7950  222.68633
7955  255.44174
7960  255.0563
7965  258.0018
7970  257.3476
7975  259.0779
7980  258.82996
7985  259.10883
7990  259.33282
7995  259.2167
8000  206.58328
8005  259.5331
8010  233.80911
8015  152.58049
8020  258.91425
8025  258.50986
8030  257.66455
8035  195.10135
8040  205.21121
8045  257.0103
8050  145.63762
8055  258.03513
8060  257.14145
8065  258.6953
8070  201.94728
8075  255.96939
8080  229.67395
8085  260.81635
8090  259.36243
8095  255.72343
8100  164.90369
8105  259.52148
8110  216.96648
8115  259.1669
8120  259.54242
8125  259.40405
8130  258.44843
8135  256.94702
8140  261.11517
8145  259.98764
8150  260.71817
8155  199.98776
8160  259.46796
8165  260.14297
8170  258.77643
8175  261.5982
8180  260.36523
8185  261.90234
8190  218.24234
8195  159.02095
8200  260.5385
8205  198.01628
8210  261.71152
8215  182.88547
8220  261.77606
8225  259.33746
8230  256.1541
8235  185.67596
8240  260.5509
8245  236.86201
8250  262.19693
8255  184.67813
8260  220.39734
8265  228.7978
8270  262.07648
8275  235.10538
8280  261.46283
8285  229.62576
8290  143.71223
8295  260.23804
8300  260.74658
8305  174.46674
8310  197.28952
8315  261.0101
8320  235.32993
8325  260.14093
8330  260.9167
8335  260.43158
8340  261.6446
8345  259.86197
8350  262.12338
8355  261.8566
8360  226.50388
8365  260.6733
8370  260.21573
8375  211.44597
8380  207.07535
8385  258.54034
8390  230.86646
8395  260.53857
8400  225.03438
8405  261.9066
8410  224.04935
8415  259.143
8420  208.31294
8425  81.761925
8430  261.3199
8435  259.62894
8440  198.46378
8445  258.86554
8450  260.80045
8455  259.2688
8460  259.5672
8465  258.48447
8470  260.69598
8475  195.876
8480  220.73276
8485  232.46297
8490  258.63934
8495  259.34894
8500  260.39645
8505  186.09207
8510  211.97714
8515  188.62082
8520  195.88857
8525  259.89145
8530  258.05997
8535  221.03276
8540  176.32185
8545  190.78313
8550  190.07503
8555  215.20044
8560  191.47551
8565  259.05048
8570  129.82831
8575  258.30914
8580  185.01778
8585  256.8273
8590  192.04727
8595  181.19193
8600  209.19966
8605  260.6138
8610  257.75952
8615  191.1271
8620  257.04517
8625  259.9287
8630  185.04684
8635  257.71274
8640  188.64536
8645  219.93314
8650  257.72787
8655  258.5373
8660  258.70547
8665  258.16138
8670  258.8919
8675  234.13
8680  225.34538
8685  258.6491
8690  259.61493
8695  258.2434
8700  260.64642
8705  160.66307
8710  212.66873
8715  197.42867
8720  205.92195
8725  223.38388
8730  207.87735
8735  193.3258
8740  257.1081
8745  259.69937
8750  164.89436
8755  259.3625
8760  257.32538
8765  259.4959
8770  178.07224
8775  257.64923
8780  183.50957
8785  259.60706
8790  232.08423
8795  224.802
8800  223.85014
8805  259.41827
8810  259.32504
8815  259.70605
8820  190.67271
8825  260.6021
8830  258.1318
8835  229.79013
8840  217.56445
8845  182.86731
8850  258.9207
8855  257.16608
8860  259.30603
8865  208.99109
8870  260.89096
8875  260.1638
8880  258.65372
8885  258.46594
8890  226.23303
8895  260.46063
8900  186.9707
8905  259.66003
8910  197.68481
8915  260.24765
8920  259.33698
8925  193.90709
8930  259.16992
8935  217.22885
8940  130.80919
8945  202.13693
8950  260.39142
8955  203.92783
8960  261.7715
8965  261.14844
8970  130.43575
8975  235.48038
8980  119.966225
8985  260.72064
8990  216.7904
8995  259.78745
9000  199.85487
9005  209.26883
9010  259.91327
9015  260.07828
9020  196.91797
9025  259.75092
9030  261.00568
9035  154.4594
9040  252.9865
9045  209.13321
9050  259.40262
9055  155.9939
9060  258.58362
9065  202.56609
9070  258.9271
9075  260.90036
9080  259.78564
9085  210.94937
9090  260.7766
9095  257.04245
9100  262.29895
9105  261.9789
9110  259.53586
9115  197.88428
9120  257.85712
9125  195.66078
9130  200.74088
9135  210.97392
9140  262.00046
9145  223.4314
9150  186.51059
9155  170.01761
9160  206.34473
9165  162.4469
9170  230.01408
9175  257.28427
9180  258.46698
9185  258.83264
9190  262.15927
9195  221.38315
9200  261.0747
9205  215.69534
9210  233.44316
9215  178.44466
9220  258.7412
9225  261.7245
9230  169.57353
9235  185.10103
9240  260.91623
9245  260.29257
9250  259.8252
9255  224.37143
9260  261.1871
9265  186.36484
9270  259.12253
9275  259.6533
9280  259.5162
9285  260.4438
9290  260.12274
9295  182.48917
9300  205.5679
9305  260.8724
9310  261.25757
9315  260.5557
9320  206.12178
9325  215.13757
9330  260.8675
9335  223.38335
9340  262.29453
9345  261.1956
9350  261.04453
9355  144.6499
9360  205.97849
9365  185.30673
9370  188.21489
9375  260.66983
9380  216.15804
9385  260.43326
9390  260.19635
9395  230.043
9400  262.16156
9405  261.80914
9410  199.70319
9415  157.03162
9420  262.8476
9425  235.86446
9430  229.29797
9435  132.93811
9440  168.0925
9445  261.6175
9450  262.02692
9455  261.33145
9460  192.1019
9465  232.63326
9470  259.89548
9475  260.4301
9480  259.16852
9485  227.40845
9490  200.85635
9495  181.70848
9500  257.6061
9505  259.35132
9510  186.94662
9515  257.65692
9520  260.4956
9525  258.73444
9530  257.9085
9535  260.89536
9540  218.45609
9545  258.7417
9550  262.01984
9555  258.9101
9560  259.20834
9565  192.83679
9570  228.77689
9575  261.53644
9580  209.5867
9585  260.21237
9590  211.4813
9595  257.77988
9600  259.7158
9605  218.41972
9610  259.48822
9615  220.79953
9620  201.36954
9625  146.13214
9630  257.86005
9635  257.68814
9640  260.03046
9645  260.44083
9650  259.01434
9655  223.4104
9660  261.83902
9665  261.84766
9670  260.90714
9675  199.29362
9680  233.28442
9685  260.4813
9690  262.34528
9695  235.33032
9700  261.2293
9705  202.93593
9710  262.76913
9715  260.20798
9720  261.82635
9725  261.2771
9730  260.4542
9735  260.73096
9740  260.57202
9745  260.1534
9750  260.31787
9755  217.8627
9760  261.47272
9765  262.1801
9770  261.78894
9775  184.85042
9780  260.63904
9785  261.10077
9790  261.07208
9795  203.41911
9800  260.7403
9805  259.07568
9810  258.10925
9815  141.58084
9820  216.84335
9825  232.6896
9830  261.72592
9835  262.14462
9840  155.67159
9845  262.0038
9850  263.3466
9855  262.72647
9860  201.54285
9865  260.17203
9870  176.60634
9875  263.22485
9880  261.4449
9885  263.06506
9890  262.6727
9895  263.27762
9900  260.74936
9905  172.47517
9910  263.09882
9915  187.09163
9920  264.04272
9925  264.62234
9930  264.64258
9935  82.88708
9940  237.46042
9945  263.1214
9950  264.76907
9955  194.0893
9960  264.60373
9965  262.67285
9970  264.04645
9975  209.25432
9980  152.51436
9985  210.82478
9990  263.01187
9995  199.76614
10000  200.50575
10005  264.22076
10010  188.38843
10015  265.3986
10020  263.99387
10025  265.83316
10030  262.30627
10035  262.83496
10040  157.4204
10045  200.07025
10050  192.27945
10055  263.73123
10060  200.92041
10065  211.39775
10070  193.69121
10075  170.60324
10080  264.46942
10085  222.63351
10090  263.7189
10095  177.99144
10100  263.14304
10105  231.63486
10110  212.85652
10115  263.23492
10120  263.76996
10125  261.95978
10130  207.53745
10135  211.47733
10140  262.7379
10145  133.65962
10150  219.41895
10155  198.06723
10160  174.42375
10165  218.30852
10170  194.58456
10175  237.35274
10180  198.6678
10185  264.19235
10190  213.27446
10195  262.65167
10200  260.38126
10205  221.93546
10210  262.33408
10215  261.3913
10220  262.24863
10225  263.45224
10230  261.03238
10235  263.10443
10240  264.05243
10245  219.7976
10250  257.30386
10255  261.82376
10260  200.66403
10265  230.48445
10270  209.94084
10275  262.59933
10280  262.9192
10285  262.31073
10290  232.61386
10295  262.5782
10300  260.1018
10305  202.19038
10310  264.77643
10315  263.11633
10320  193.76018
10325  264.12872
10330  146.08467
10335  263.61398
10340  212.87605
10345  263.7617
10350  220.1549
10355  261.95468
10360  196.23796
10365  233.83585
10370  264.3028
10375  260.844
10380  153.38249
10385  208.66757
10390  264.87534
10395  198.44356
10400  265.42404
10405  263.13812
10410  262.38303
10415  101.726234
10420  216.56226
10425  263.23236
10430  185.68376
10435  264.14615
10440  264.8366
10445  214.67093
10450  187.71725
10455  262.65607
10460  265.53516
10465  263.47028
10470  235.50105
10475  261.9655
10480  199.38884
10485  263.9064
10490  198.5142
10495  263.82733
10500  263.04184
10505  153.27052
10510  262.8563
10515  196.23491
10520  261.20193
10525  263.87378
10530  213.70364
10535  212.1647
10540  263.47818
10545  262.70166
10550  184.44646
10555  196.11217
10560  265.48224
10565  261.46326
10570  186.47092
10575  262.2849
10580  232.42863
10585  231.49854
10590  259.44672
10595  261.45914
10600  129.06853
10605  263.00302
10610  155.46254
10615  264.51343
10620  263.4373
10625  201.58592
10630  262.52374
10635  264.62015
10640  202.7702
10645  262.92197
10650  205.70605
10655  261.32495
10660  215.81381
10665  263.1586
10670  262.2039
10675  187.44565
10680  262.77798
10685  262.081
10690  262.57147
10695  203.17126
10700  261.74567
10705  260.84354
10710  226.48372
10715  262.6801
10720  261.44632
10725  263.64532
10730  191.6949
10735  263.247
10740  157.57867
10745  196.71326
10750  209.4185
10755  262.97104
10760  262.58148
10765  264.58368
10770  205.46904
10775  263.61398
10780  198.36761
10785  262.05902
10790  207.46724
10795  261.08746
10800  159.60342
10805  262.92474
10810  232.5977
10815  215.35551
10820  262.0156
10825  148.27022
10830  261.3681
10835  206.44824
10840  263.72113
10845  150.42047
10850  185.74113
10855  260.99176
10860  261.4506
10865  217.70232
10870  260.61716
10875  261.34796
10880  184.70195
10885  138.33505
10890  224.72998
10895  260.69208
10900  262.38577
10905  261.73236
10910  262.1507
10915  195.59547
10920  162.51974
10925  220.07841
10930  210.11362
10935  259.82526
10940  196.31978
10945  183.53938
10950  200.04282
10955  238.54312
10960  228.36296
10965  260.1978
10970  261.31488
10975  262.56622
10980  204.2482
10985  263.16888
10990  203.89005
10995  205.89377
11000  262.41562
11005  261.00708
11010  263.63452
11015  184.66753
11020  261.73218
11025  262.5609
11030  260.77078
11035  263.49448
11040  232.09663
11045  259.04608
11050  216.84285
11055  187.76405
11060  224.86667
11065  203.15283
11070  135.12697
11075  206.26591
11080  263.39008
11085  262.5069
11090  265.00113
11095  204.60564
11100  261.29532
11105  210.7209
11110  257.9817
11115  262.89658
11120  261.37042
11125  200.70125
11130  262.6966
11135  264.44946
11140  261.9853
11145  259.3714
11150  197.08792
11155  260.78888
11160  262.89813
11165  261.71802
11170  213.56918
11175  260.96967
11180  257.5579
11185  262.26093
11190  262.26105
11195  262.748
11200  262.49512
11205  204.23502
11210  192.71649
11215  261.34988
11220  263.67056
11225  260.63458
11230  216.63066
11235  262.14398
11240  199.05243
11245  264.2613
11250  264.56036
11255  264.06412
11260  262.51062
11265  264.36163
11270  193.9253
11275  264.51285
11280  236.78305
11285  263.55542
11290  262.9413
11295  265.2708
11300  199.01247
11305  262.36993
11310  263.82928
11315  262.26593
11320  263.32077
11325  262.95258
11330  218.9515
11335  260.63403
11340  263.43173
11345  194.27884
11350  226.80276
11355  260.97583
11360  167.71428
11365  265.02692
11370  220.39172
11375  263.76953
11380  260.84668
11385  262.28302
11390  263.93735
11395  263.39374
11400  262.38525
11405  264.59717
11410  265.34106
11415  170.1682
11420  261.6635
11425  192.1807
11430  265.2412
11435  263.4509
11440  263.42886
11445  264.6708
11450  239.31023
11455  265.51382
11460  264.1634
11465  261.8475
11470  220.30405
11475  264.56552
11480  263.20404
11485  190.66768
11490  264.98242
11495  263.2891
11500  264.1391
11505  210.84201
11510  197.25085
11515  234.03018
11520  263.03705
11525  263.74774
11530  211.32632
11535  200.9307
11540  263.2364
11545  194.22989
11550  264.99323
11555  264.15668
11560  264.31952
11565  263.14218
11570  261.69882
11575  220.43137
11580  263.21512
11585  162.01193
11590  262.6443
11595  262.39255
11600  262.44025
11605  263.2166
11610  263.92944
11615  265.30746
11620  216.33658
11625  265.09604
11630  265.74023
11635  206.55542
11640  207.84476
11645  263.91373
11650  189.27081
11655  194.40262
11660  265.18378
11665  264.90814
11670  261.76196
11675  263.90594
11680  139.48227
11685  143.27078
11690  263.42667
11695  200.45721
11700  219.07239
11705  264.0417
11710  206.5817
11715  260.6692
11720  238.404
11725  265.55844
11730  264.2032
11735  263.1077
11740  188.27127
11745  263.07574
11750  263.27087
11755  263.85593
11760  264.88925
11765  264.16266
11770  265.04575
11775  264.7398
11780  264.14792
11785  262.73267
11790  195.22696
11795  262.94012
11800  210.19272
11805  264.4205
11810  264.44873
11815  262.47247
11820  263.55444
11825  94.56354
11830  223.36133
11835  219.11002
11840  265.27118
11845  265.22583
11850  265.10245
11855  202.12314
11860  264.90643
11865  263.84354
11870  265.249
11875  196.1706
11880  264.76407
11885  265.84198
11890  197.88704
11895  234.44841
11900  138.70682
11905  209.22375
11910  204.2865
11915  141.45305
11920  197.04361
11925  188.47202
11930  264.86627
11935  186.79605
11940  218.19661
11945  262.69742
11950  222.43668
11955  196.94666
11960  207.33037
11965  171.33633
11970  153.37323
11975  220.66385
11980  176.24727
11985  233.98453
11990  263.06573
11995  213.73428
12000  168.02585
12005  264.1534
12010  265.08054
12015  263.00836
12020  262.84073
12025  186.75839
12030  220.94238
12035  266.03436
12040  232.11423
12045  264.08917
12050  223.85605
12055  263.9337
12060  263.4377
12065  220.1278
12070  264.19214
12075  194.6443
12080  264.16718
12085  234.63814
12090  236.67781
12095  85.42488
12100  217.96265
12105  264.67682
12110  263.94308
12115  265.37646
12120  265.12164
12125  162.35173
12130  265.09018
12135  263.93924
12140  264.37747
12145  264.76135
12150  263.9186
12155  265.11816
12160  207.11508
12165  77.22095
12170  204.07335
12175  263.95026
12180  263.63043
12185  265.1311
12190  265.18344
12195  266.36313
12200  266.72748
12205  265.3851
12210  265.01025
12215  263.62274
12220  267.38315
12225  264.64825
12230  239.32901
12235  161.83374
12240  210.72693
12245  263.9643
12250  266.09607
12255  136.84433
12260  265.00366
12265  265.9174
12270  230.93706
12275  266.66602
12280  217.96606
12285  228.84985
12290  265.9068
12295  159.2328
12300  264.7736
12305  190.48445
12310  265.92114
12315  262.98325
12320  229.21152
12325  266.35654
12330  241.29497
12335  161.4296
12340  193.5622
12345  208.54611
12350  238.53072
12355  265.42252
12360  222.35762
12365  263.58398
12370  264.87335
12375  265.3806
12380  263.86606
12385  264.85416
12390  213.94482
12395  265.645
12400  264.54523
12405  209.50017
12410  185.13641
12415  186.76225
12420  263.63263
12425  238.8284
12430  213.43033
12435  264.74338
12440  169.08928
12445  265.10605
12450  262.7228
12455  213.08244
12460  264.98065
12465  240.4851
12470  262.6547
12475  263.29315
12480  222.79456
12485  125.199684
12490  207.38872
12495  263.13898
12500  204.37773
12505  264.57245
12510  263.84253
12515  263.83524
12520  198.71057
12525  261.9239
12530  262.92218
12535  264.05902
12540  211.91057
12545  264.80984
12550  262.52008
12555  197.9426
12560  205.27307
12565  264.9978
12570  122.44679
12575  265.9792
12580  234.621
12585  224.57361
12590  223.99832
12595  264.51544
12600  265.4429
12605  197.58444
12610  154.61021
12615  132.79642
12620  223.775
12625  264.9162
12630  264.277
12635  265.01776
12640  176.29324
12645  219.61343
12650  263.42978
12655  264.58002
12660  205.13579
12665  264.19513
12670  264.91943
12675  188.89035
12680  264.23676
12685  182.48347
12690  264.17734
12695  209.94087
12700  237.14233
12705  128.36511
12710  264.01733
12715  235.01147
12720  264.81784
12725  264.39404
12730  264.94736
12735  263.21307
12740  265.79874
12745  265.35468
12750  264.49518
12755  227.94986
12760  263.58652
12765  264.87787
12770  265.82245
12775  264.92386
12780  232.4987
12785  265.0267
12790  210.54915
12795  264.93036
12800  194.47978
12805  225.45578
12810  264.11816
12815  167.39624
12820  225.53511
12825  210.67252
12830  264.54218
12835  197.5427
12840  265.01584
12845  264.48267
12850  264.60284
12855  200.47794
12860  230.87784
12865  228.18033
12870  238.92673
12875  208.09969
12880  264.4706
12885  231.5293
12890  204.81258
12895  193.30066
12900  263.36182
12905  238.94052
12910  230.26645
12915  264.94254
12920  219.02193
12925  146.84055
12930  208.64912
12935  235.65616
12940  68.851456
12945  195.4183
12950  215.80176
12955  172.61563
12960  195.26248
12965  208.11536
12970  264.46948
12975  192.13896
12980  262.9511
12985  177.02548
12990  264.09
12995  263.51675
13000  131.30534
13005  260.78192
13010  198.66689
13015  260.81332
13020  261.9051
13025  261.28293
13030  263.8559
13035  235.07327
13040  263.18597
13045  195.76208
13050  265.01743
13055  186.99002
13060  196.89229
13065  202.65846
13070  265.81955
13075  199.94939
13080  264.0052
13085  161.87819
13090  200.20364
13095  236.04172
13100  262.90533
13105  227.69405
13110  264.65146
13115  237.60674
13120  264.5612
13125  227.70512
13130  263.80887
13135  264.65512
13140  265.31714
13145  186.17183
13150  264.41168
13155  262.5713
13160  264.78033
13165  262.93942
13170  263.63092
13175  225.80351
13180  264.68512
13185  225.18912
13190  230.45837
13195  226.21048
13200  231.40376
13205  265.87512
13210  263.4117
13215  265.06552
13220  264.35367
13225  265.71936
13230  265.39575
13235  197.47205
13240  264.17453
13245  197.55606
13250  262.7128
13255  223.79414
13260  264.1271
13265  262.88934
13270  216.9981
13275  265.09686
13280  265.91296
13285  226.57993
13290  154.96
13295  264.16663
13300  264.87143
13305  213.8549
13310  207.66885
13315  197.483
13320  264.87817
13325  262.51605
13330  265.25046
13335  262.76508
13340  265.0041
13345  263.27237
13350  264.96793
13355  264.26544
13360  263.45798
13365  263.37094
13370  190.70586
13375  263.4951
13380  264.25375
13385  263.61127
13390  263.56375
13395  265.12555
13400  264.5811
13405  206.5149
13410  231.32364
13415  264.52478
13420  217.18112
13425  208.27324
13430  263.2613
13435  92.41472
13440  202.5634
13445  264.17285
13450  135.32462
13455  265.10675
13460  219.04988
13465  228.84526
13470  266.32016
13475  191.44504
13480  203.57698
13485  264.32114
13490  221.91504
13495  197.95842
13500  263.15176
13505  265.82617
13510  264.13638
13515  265.0026
13520  213.60735
13525  265.59717
13530  202.43027
13535  263.15836
13540  262.88507
13545  264.86423
13550  266.45474
13555  264.7299
13560  264.5075
13565  264.58533
13570  264.0484
13575  264.3607
13580  195.42537
13585  265.01328
13590  191.33841
13595  264.41315
13600  131.58519
13605  227.89034
13610  234.3339
13615  264.7274
13620  191.87448
13625  154.76645
13630  264.79953
13635  205.18327
13640  263.3291
13645  166.40576
13650  265.20535
13655  264.62662
13660  195.75688
13665  261.98715
13670  265.57672
13675  188.71286
13680  264.07758
13685  263.68387
13690  216.79814
13695  189.65536
13700  265.7557
13705  265.0424
13710  264.69037
13715  263.99075
13720  207.43753
13725  131.31902
13730  262.72516
13735  264.4369
13740  261.44705
13745  179.34518
13750  263.80072
13755  201.58676
13760  209.28726
13765  263.42804
13770  144.02852
13775  193.68457
13780  262.7206
13785  261.28156
13790  122.23547
13795  262.78506
13800  234.5166
13805  211.13535
13810  263.69263
13815  262.097
13820  262.60474
13825  263.69327
13830  262.29617
13835  263.76935
13840  262.1646
13845  262.49066
13850  262.5377
13855  191.27481
13860  207.92435
13865  263.6974
13870  262.25146
13875  264.4602
13880  263.94498