_Episode  _MeanReward
20  -114.235
40  -121.133
60  -119.341
80  -119.28
100  -126.646
120  -122.027
140  -116.052
160  -119.356
180  -128.264
200  -128.456
220  -129.531
240  -127.768
260  -126.453
280  -123.01
300  -116.31
320  -107.851
340  -102.493
360  -105.911
380  -103.021
400  -105.324
420  -106.683
440  -113.164
460  -106.475
480  -105.186
500  -99.5452
520  -94.5303
540  -98.2516
560  -96.0045
580  -97.1858
600  -87.9139
620  -88.2279
640  -85.7112
660  -117.079
680  -118.697
700  -120.521
720  -150.475
740  -128.233
760  -140.435
780  -118.129
800  -163.11
820  -118.996
840  -115.097
860  -115.224
880  -132.832
900  -110.25
920  -111.027
940  -112.874
960  -112.178
980  -112.73
1000  -113.759
1020  -114.641
1040  -112.849
1060  -111.26
1080  -109.165
1100  -107.401
1120  -104.038
1140  -107.973
1160  -105.211
1180  -108.023
1200  -103.493
1220  -100.382
1240  -101.265
1260  -89.8888
1280  -137.211
1300  -84.268
1320  -91.6816
1340  -92.123
1360  -96.6221
1380  -84.1747
1400  -81.1639
1420  -83.5257
1440  -77.474
1460  -66.2272
1480  -78.4422
1500  -60.9309
1520  -59.7111
1540  -40.3224
1560  -38.953
1580  -43.588
1600  -32.7963
1620  -36.7958
1640  -106.739
1660  -152.489
1680  -150.73
1700  -149.848
1720  -147.917
1740  -147.229
1760  -146.0
1780  -151.336
1800  -152.255
1820  -154.308
1840  -155.975
1860  -157.73
1880  -158.724
1900  -161.62
1920  -160.065
1940  -157.656
1960  -165.306
1980  -166.446
2000  -167.646
2020  -167.591
2040  -167.084
2060  -164.201
2080  -162.389
2100  -159.538
2120  -158.206
2140  -156.014
2160  -139.918
2180  -145.233
2200  -139.192
2220  -136.678
2240  -134.227
2260  -134.697
2280  -131.867
2300  -131.824
2320  -127.868
2340  -128.12
2360  -124.902
2380  -126.504
2400  -127.507
2420  -124.428
2440  -122.186
2460  -121.818
2480  -120.393
2500  -121.095
2520  -118.518
2540  -118.499
2560  -121.466
2580  -121.564
2600  -114.379
2620  -117.738
2640  -110.368
2660  -119.182
2680  -114.053
2700  -110.143
2720  -107.473
2740  -101.582
2760  -97.6533
2780  -115.088
2800  -103.589
2820  -105.062
2840  -99.3068
2860  -92.3941
2880  -100.247
2900  -111.566
2920  -102.54
2940  -98.2173
2960  -91.6947
2980  -109.434
3000  -128.058
3020  -124.558
3040  -126.357
3060  -123.539
3080  -122.07
3100  -123.435
3120  -124.608
3140  -127.052
3160  -128.179
3180  -144.617
3200  -137.313
3220  -114.447
3240  -110.827
3260  -104.72
3280  -115.716
3300  -107.678
3320  -104.612
3340  -119.669
3360  -106.229
3380  -111.7
3400  -110.521
3420  -105.429
3440  -106.933
3460  -107.433
3480  -105.996
3500  -104.851
3520  -105.247
3540  -104.808
3560  -105.182
3580  -103.592
3600  -103.616
3620  -101.78
3640  -103.887
3660  -103.272
3680  -104.766
3700  -104.031
3720  -100.511
3740  -99.4877
3760  -96.8105
3780  -99.3134
3800  -101.419
3820  -105.9
3840  -105.562
3860  -102.735
3880  -99.7514
3900  -99.977
3920  -113.537
3940  -107.012
3960  -128.288
3980  -104.748
4000  -109.168
4020  -101.841
4040  -106.895
4060  -107.642
4080  -126.848
4100  -99.2707
4120  -99.3173
4140  -95.4569
4160  -96.3719
4180  -94.8941
4200  -94.1895
4220  -90.8899
4240  -93.2258
4260  -89.8175
4280  -91.384
4300  -92.7089
4320  -84.877
4340  -88.1623
4360  -83.8165
4380  -75.8243
4400  -73.8795
4420  -73.8486
4440  -72.2348
4460  -71.5111
4480  -66.9864
4500  -66.9793
4520  -66.4947
4540  -113.894
4560  -130.667
4580  -134.879
4600  -132.931
4620  -137.48
4640  -144.135
4660  -148.869
4680  -168.52
4700  -143.325
4720  -204.623
4740  -202.168
4760  -187.666
4780  -179.57
4800  -190.507
4820  -124.525
4840  -120.073
4860  -119.902
4880  -119.457
4900  -118.763
4920  -117.954
4940  -116.811
4960  -115.972
4980  -116.329
5000  -117.081
5020  -140.827
5040  -128.116
5060  -116.467
5080  -111.803
5100  -109.242
5120  -111.125
5140  -111.05
5160  -111.241
5180  -137.671
5200  -132.878
5220  -133.141
5240  -97.6849
5260  -96.5309
5280  -141.62
5300  -143.028
5320  -148.994
5340  -153.512
5360  -153.48
5380  -146.634
5400  -152.954
5420  -80.9242
5440  -159.754
5460  -158.813
5480  -131.284
5500  -92.6285
5520  -117.31
5540  -102.805
5560  -108.192
5580  -107.627
5600  -104.013
5620  -109.52
5640  -112.056
5660  -103.022
5680  -102.625
5700  -102.578
5720  -101.834
5740  -107.178
5760  -99.4082
5780  -119.805
5800  -117.337
5820  -115.745
5840  -115.399
5860  -115.479
5880  -113.163
5900  -115.137
5920  -117.825
5940  -115.669
5960  -114.042
5980  -113.528
6000  -114.078
6020  -112.652
6040  -112.021
6060  -111.949
6080  -113.037
6100  -113.59
6120  -111.334
6140  -108.534
6160  -106.805
6180  -106.732
6200  -107.463
6220  -107.328
6240  -105.869
6260  -103.021
6280  -102.424
6300  -102.252
6320  -100.442
6340  -101.966
6360  -101.406
6380  -98.9102
6400  -99.6274
6420  -98.183
6440  -99.2405
6460  -98.0193
6480  -102.286
6500  -95.2992
6520  -94.3378
6540  -97.1969
6560  -94.5273
6580  -94.0089
6600  -82.6185
6620  -99.4401
6640  -68.3984
6660  -63.3858
6680  -70.0145
6700  -68.7251
6720  -61.2442
6740  -76.6527
6760  -72.9266
6780  -113.931
6800  -104.414
6820  -113.192
6840  -115.108
6860  -110.009
6880  -110.743
6900  -112.24
6920  -112.687
6940  -117.433
6960  -118.857
6980  -123.014
7000  -112.47
7020  -119.722
7040  -176.904
7060  -176.254
7080  -176.733
7100  -176.627
7120  -176.93
7140  -176.75
7160  -176.64
7180  -176.283
7200  -175.288
7220  -175.168
7240  -175.41
7260  -174.582
7280  -175.324
7300  -175.235
7320  -177.25
7340  -177.182
7360  -177.334
7380  -177.145
7400  -177.436
7420  -177.06
7440  -177.372
7460  -177.076
7480  -177.347
7500  -177.163
7520  -177.22
7540  -149.647
7560  -177.356
7580  -177.15
7600  -177.359
7620  -177.196
7640  -177.296
7660  -177.033
7680  -177.281
7700  -177.31
7720  -177.285
7740  -177.093
7760  -177.303
7780  -177.057
7800  -177.248
7820  -177.029
7840  -177.291
7860  -177.009
7880  -177.314
7900  -177.113
7920  -177.291
7940  -177.073
7960  -177.18
7980  -177.167
8000  -177.265
8020  -177.131
8040  -177.118
8060  -177.043
8080  -177.068
8100  -177.179
8120  -177.084
8140  -177.185
8160  -177.081
8180  -177.436
8200  -177.447
8220  -177.442
8240  -177.391
8260  -177.444
8280  -177.382
8300  -177.445
8320  -177.352
8340  -177.452
8360  -177.358
8380  -177.412
8400  -177.376
8420  -177.381
8440  -177.439
8460  -177.417
8480  -177.43
8500  -177.351
8520  -177.352
8540  -177.35
8560  -177.401
8580  -177.294
8600  -177.387
8620  -177.308
8640  -177.416
8660  -177.282
8680  -177.371
8700  -177.224
8720  -177.324
8740  -177.356
8760  -177.373
8780  -177.282
8800  -177.375
8820  -177.215
8840  -177.405
8860  -177.185
8880  -177.323
8900  -177.262
8920  -177.349
8940  -177.25
8960  -177.318
8980  -177.207
9000  -177.344
9020  -177.133
9040  -177.389
9060  -176.947
9080  -177.354
9100  -177.15
9120  -177.38
9140  -177.11
9160  -177.35
9180  -177.098
9200  -177.276
9220  -177.089
9240  -177.309
9260  -177.112
9280  -177.308
9300  -177.019
9320  -177.276
9340  -177.045
9360  -177.298
9380  -177.095
9400  -177.248
9420  -177.042
9440  -177.206
9460  -177.173
9480  -177.158
9500  -177.081
9520  -177.158
9540  -177.057
9560  -177.194
9580  -177.066
9600  -177.114
9620  -177.171
9640  -177.228
9660  -177.113
9680  -177.134
9700  -177.06
9720  -177.109
9740  -177.005
9760  -177.023
9780  -177.036
9800  -177.094
9820  -177.442
9840  -177.419
9860  -177.445
9880  -177.379
9900  -177.443
9920  -177.474
9940  -177.443
9960  -177.401
9980  -177.446
10000  -177.372
10020  -177.438
10040  -177.408
10060  -177.408
10080  -177.393
10100  -177.416
10120  -177.334
10140  -177.41
10160  -177.402
10180  -177.403
10200  -177.349
10220  -177.374
10240  -177.319
10260  -177.377
10280  -177.442
10300  -177.344
10320  -177.385
10340  -177.308
10360  -177.366
10380  -177.338
10400  -177.384
10420  -177.157
10440  -177.342
10460  -177.208
10480  -177.383
10500  -177.235
10520  -177.377
10540  -177.347
10560  -177.346
10580  -177.245
10600  -177.468
10620  -177.097
10640  -177.35
10660  -177.015
10680  -177.333
10700  -177.026
10720  -177.415